date,total_cases,sgtf_unknown,total_sgt,sgtf,non_sgtf,source,region
2021-11-15,21176,8446,12730,9,12721,private,England
2021-11-16,19500,8513,10987,8,10979,private,England
2021-11-17,18947,8493,10454,2,10452,private,England
2021-11-18,18614,7880,10734,5,10729,private,England
2021-11-19,16913,7475,9438,9,9429,private,England
2021-11-20,14923,6539,8384,2,8382,private,England
2021-11-21,14565,6036,8529,9,8520,private,England
2021-11-22,21533,10006,11527,10,11517,private,England
2021-11-23,20720,9241,11479,4,11475,private,England
2021-11-24,19930,9762,10168,6,10162,private,England
2021-11-25,18736,7893,10843,13,10830,private,England
2021-11-26,17197,8468,8729,18,8711,private,England
2021-11-27,14001,7208,6793,8,6785,private,England
2021-11-28,15441,7606,7835,7,7828,private,England
2021-11-29,23747,11497,12250,22,12228,private,England
2021-11-30,23911,11962,11949,35,11914,private,England
2021-12-01,23945,11996,11949,60,11889,private,England
2021-12-02,21699,11336,10363,69,10294,private,England
2021-12-03,19990,10114,9876,94,9782,private,England
2021-12-04,16597,8420,8177,112,8065,private,England
2021-12-05,16130,7604,8526,188,8338,private,England
2021-12-06,25084,14314,10770,433,10337,private,England
2021-12-07,24298,13200,11098,923,10175,private,England
2021-12-08,25446,14241,11205,1419,9786,private,England
2021-12-09,24952,12816,12136,1955,10181,private,England
2021-12-10,22926,8973,13953,2798,11155,private,England
2021-12-11,20622,10354,10268,2185,8083,private,England
2021-12-12,20960,10167,10793,3396,7397,private,England
2021-12-13,35002,18896,16106,6515,9591,private,England
2021-12-14,42498,23121,19377,10790,8587,private,England
2021-12-15,51137,28159,22978,14728,8250,private,England
2021-12-16,49370,25553,23817,16145,7672,private,England
2021-12-17,44376,22858,21518,14967,6551,private,England
2021-12-18,40715,20530,20185,14826,5359,private,England
2021-12-19,38784,19524,19260,14714,4546,private,England
2021-12-20,60169,31548,28621,23066,5555,private,England
2021-12-21,67458,32450,35008,30007,5001,private,England
2021-12-22,72321,32346,39975,35504,4471,private,England
2021-12-23,72813,36888,35925,32144,3781,private,England
2021-12-24,62550,30378,32172,29075,3097,private,England
2021-12-25,25471,10748,14723,13632,1091,private,England
2021-12-26,46224,19860,26364,24601,1763,private,England
2021-12-27,78128,39054,39074,36612,2462,private,England
2021-12-28,81041,41778,39263,37414,1849,private,England
2021-12-29,109930,59080,50850,48344,2506,private,England
2021-12-30,93472,43033,50439,48843,1596,private,England
2021-12-31,73470,33283,40187,39133,1054,private,England
2022-01-01,43514,17502,26012,25348,664,private,England
2022-01-02,75124,32407,42717,41677,1040,private,England
2022-01-03,94605,42155,52450,51339,1111,private,England
2022-01-04,123874,62038,61836,60593,1243,private,England
2022-01-05,92262,39065,53197,52282,915,private,England
2022-01-06,77508,35484,42024,41375,649,private,England
2022-01-07,48780,23336,25444,25031,413,private,England
2022-01-08,34106,17014,17092,16823,269,private,England
2022-01-09,30077,13068,17009,16773,236,private,England
2022-01-10,47324,20240,27084,26672,412,private,England
2022-01-11,35655,15298,20357,20061,296,private,England
2022-01-12,29461,13815,15646,15422,224,private,England
2022-01-13,26691,12112,14579,14360,219,private,England
2022-01-14,22454,10689,11765,11607,158,private,England
2022-01-15,18144,7705,10439,10241,198,private,England
2022-01-16,17793,7103,10690,10454,236,private,England
2022-01-17,30453,14284,16169,15835,334,private,England
2022-01-18,27609,12524,15085,14731,354,private,England
2022-01-19,25938,11129,14809,14401,408,private,England
2022-01-20,23098,10474,12624,12234,390,private,England
2022-01-21,21365,11034,10331,10025,306,private,England
2022-01-22,17719,9561,8158,7832,326,private,England
2022-01-23,17657,9586,8071,7728,343,private,England
2022-01-24,28841,15582,13259,12594,665,private,England
2022-01-25,25926,13671,12255,11505,750,private,England
2022-01-26,25393,13839,11554,10801,753,private,England
2022-01-27,22382,12451,9931,9185,746,private,England
2022-01-28,19487,10556,8931,8174,757,private,England
2022-01-29,15632,8364,7268,6567,701,private,England
2022-01-30,14758,7654,7104,6341,763,private,England
2022-01-31,23131,13159,9972,8901,1071,private,England
2022-02-01,20497,11964,8533,7534,999,private,England
2022-02-02,19894,11795,8099,7072,1027,private,England
2022-02-03,18031,10868,7163,6208,955,private,England
2022-02-04,14787,9066,5721,4868,853,private,England
2022-02-05,10834,6026,4808,3910,898,private,England
2022-02-06,9472,4883,4589,3741,848,private,England
2022-02-07,16942,9925,7017,5557,1460,private,England
2022-02-08,14578,9037,5541,4313,1228,private,England
2022-02-09,13764,8674,5090,3803,1287,private,England
2022-02-10,11170,6945,4225,3058,1167,private,England
2022-02-11,9212,5682,3530,2566,964,private,England
2022-02-12,6828,4121,2707,1848,859,private,England
2022-02-13,5747,2779,2968,1971,997,private,England
2022-02-14,11058,4835,6223,3932,2291,private,England
2022-02-15,9435,5342,4093,2459,1634,private,England
2022-02-16,9751,5241,4510,2633,1877,private,England
2022-02-17,8702,4602,4100,2355,1745,private,England
2022-02-18,3822,1652,2170,1276,894,private,England
2022-02-19,6860,3695,3165,1542,1623,private,England
2022-02-20,5214,2922,2292,1078,1214,private,England
2022-02-21,8552,4714,3838,1812,2026,private,England
2022-02-22,7171,3834,3337,1540,1797,private,England
2022-02-23,6380,3402,2978,1282,1696,private,England
2022-02-24,5281,2777,2504,935,1569,private,England
2022-02-25,4667,2564,2103,774,1329,private,England
2022-02-26,3719,2070,1649,563,1086,private,England
2022-02-27,3831,2067,1764,522,1242,private,England
2022-02-28,8011,4349,3662,1110,2552,private,England
2022-03-01,7537,4039,3498,1027,2471,private,England
2022-03-02,7985,4196,3789,945,2844,private,England
2022-03-03,8242,4267,3975,950,3025,private,England
2022-03-04,7862,4181,3681,795,2886,private,England
2022-03-05,6172,3347,2825,573,2252,private,England
2022-03-06,6257,3516,2741,456,2285,private,England
2022-03-07,12785,12392,393,91,302,private,England
2022-03-08,12091,12091,NA,NA,NA,private,England
2022-03-09,13020,13020,NA,NA,NA,private,England
2022-03-10,2326,2326,NA,NA,NA,private,England
2021-11-15,2447,860,1587,1,1586,private,East of England
2021-11-16,2324,1176,1148,0,1148,private,East of England
2021-11-17,2289,1196,1093,0,1093,private,East of England
2021-11-18,2217,1090,1127,1,1126,private,East of England
2021-11-19,1966,995,971,0,971,private,East of England
2021-11-20,1841,734,1107,1,1106,private,East of England
2021-11-21,1757,624,1133,1,1132,private,East of England
2021-11-22,2636,1383,1253,3,1250,private,East of England
2021-11-23,2565,1246,1319,1,1318,private,East of England
2021-11-24,2445,1245,1200,0,1200,private,East of England
2021-11-25,2291,774,1517,2,1515,private,East of England
2021-11-26,2204,1077,1127,1,1126,private,East of England
2021-11-27,1923,1017,906,0,906,private,East of England
2021-11-28,1999,1058,941,2,939,private,East of England
2021-11-29,2900,1619,1281,0,1281,private,East of England
2021-11-30,3029,1758,1271,2,1269,private,East of England
2021-12-01,2981,1761,1220,5,1215,private,East of England
2021-12-02,2666,1591,1075,7,1068,private,East of England
2021-12-03,2510,1362,1148,12,1136,private,East of England
2021-12-04,2081,700,1381,20,1361,private,East of England
2021-12-05,2026,845,1181,30,1151,private,East of England
2021-12-06,3182,1736,1446,74,1372,private,East of England
2021-12-07,3124,1771,1353,133,1220,private,East of England
2021-12-08,3151,1590,1561,220,1341,private,East of England
2021-12-09,3203,1565,1638,295,1343,private,East of England
2021-12-10,2899,912,1987,393,1594,private,East of England
2021-12-11,2712,1250,1462,362,1100,private,East of England
2021-12-12,2780,1319,1461,504,957,private,East of England
2021-12-13,4468,2598,1870,893,977,private,East of England
2021-12-14,5632,3493,2139,1292,847,private,East of England
2021-12-15,6676,4528,2148,1423,725,private,East of England
2021-12-16,6358,3938,2420,1746,674,private,East of England
2021-12-17,5549,3423,2126,1589,537,private,East of England
2021-12-18,5225,3378,1847,1390,457,private,East of England
2021-12-19,5179,3066,2113,1697,416,private,East of England
2021-12-20,7917,5663,2254,1862,392,private,East of England
2021-12-21,8734,5681,3053,2662,391,private,East of England
2021-12-22,8939,5563,3376,3029,347,private,East of England
2021-12-23,8940,6078,2862,2607,255,private,East of England
2021-12-24,7518,4470,3048,2755,293,private,East of England
2021-12-25,3037,1232,1805,1664,141,private,East of England
2021-12-26,5196,2352,2844,2651,193,private,East of England
2021-12-27,9499,6467,3032,2839,193,private,East of England
2021-12-28,9364,6328,3036,2921,115,private,East of England
2021-12-29,12296,8268,4028,3825,203,private,East of England
2021-12-30,10095,6781,3314,3204,110,private,East of England
2021-12-31,7892,5904,1988,1930,58,private,East of England
2022-01-01,4313,2018,2295,2218,77,private,East of England
2022-01-02,7677,5293,2384,2314,70,private,East of England
2022-01-03,9564,6783,2781,2702,79,private,East of England
2022-01-04,12342,8745,3597,3502,95,private,East of England
2022-01-05,8481,5921,2560,2519,41,private,East of England
2022-01-06,7472,5266,2206,2170,36,private,East of England
2022-01-07,4729,3350,1379,1347,32,private,East of England
2022-01-08,3356,2356,1000,980,20,private,East of England
2022-01-09,2932,2153,779,762,17,private,East of England
2022-01-10,4700,3187,1513,1480,33,private,East of England
2022-01-11,3618,2457,1161,1127,34,private,East of England
2022-01-12,3099,2185,914,897,17,private,East of England
2022-01-13,2806,2020,786,769,17,private,East of England
2022-01-14,2452,1766,686,673,13,private,East of England
2022-01-15,1965,1252,713,692,21,private,East of England
2022-01-16,1967,1185,782,763,19,private,East of England
2022-01-17,3370,1888,1482,1435,47,private,East of England
2022-01-18,3056,1678,1378,1333,45,private,East of England
2022-01-19,3044,1471,1573,1518,55,private,East of England
2022-01-20,2654,1435,1219,1170,49,private,East of England
2022-01-21,2648,1401,1247,1196,51,private,East of England
2022-01-22,2253,1169,1084,1020,64,private,East of England
2022-01-23,2118,946,1172,1096,76,private,East of England
2022-01-24,3459,1623,1836,1710,126,private,East of England
2022-01-25,3039,1388,1651,1504,147,private,East of England
2022-01-26,3019,1461,1558,1431,127,private,East of England
2022-01-27,2760,1496,1264,1146,118,private,East of England
2022-01-28,2379,985,1394,1243,151,private,East of England
2022-01-29,2115,839,1276,1128,148,private,East of England
2022-01-30,1854,622,1232,1091,141,private,East of England
2022-01-31,2800,1171,1629,1404,225,private,East of England
2022-02-01,2660,1314,1346,1151,195,private,East of England
2022-02-02,2527,1303,1224,1027,197,private,East of England
2022-02-03,2257,1250,1007,828,179,private,East of England
2022-02-04,1899,1161,738,605,133,private,East of England
2022-02-05,1405,588,817,639,178,private,East of England
2022-02-06,1188,452,736,561,175,private,East of England
2022-02-07,2091,1214,877,678,199,private,East of England
2022-02-08,1832,1029,803,595,208,private,East of England
2022-02-09,1738,1092,646,447,199,private,East of England
2022-02-10,1392,819,573,382,191,private,East of England
2022-02-11,1201,710,491,332,159,private,East of England
2022-02-12,850,512,338,222,116,private,East of England
2022-02-13,720,216,504,321,183,private,East of England
2022-02-14,1308,279,1029,609,420,private,East of England
2022-02-15,1130,483,647,331,316,private,East of England
2022-02-16,1177,486,691,351,340,private,East of England
2022-02-17,1095,435,660,344,316,private,East of England
2022-02-18,436,231,205,101,104,private,East of England
2022-02-19,1048,434,614,278,336,private,East of England
2022-02-20,724,308,416,185,231,private,East of England
2022-02-21,1007,433,574,247,327,private,East of England
2022-02-22,970,368,602,254,348,private,East of England
2022-02-23,808,333,475,198,277,private,East of England
2022-02-24,703,305,398,135,263,private,East of England
2022-02-25,582,256,326,105,221,private,East of England
2022-02-26,459,192,267,75,192,private,East of England
2022-02-27,462,190,272,74,198,private,East of England
2022-02-28,978,395,583,137,446,private,East of England
2022-03-01,972,397,575,155,420,private,East of England
2022-03-02,1075,432,643,122,521,private,East of England
2022-03-03,1068,420,648,144,504,private,East of England
2022-03-04,1014,379,635,122,513,private,East of England
2022-03-05,895,412,483,72,411,private,East of England
2022-03-06,885,421,464,62,402,private,East of England
2022-03-07,1705,1704,1,1,0,private,East of England
2022-03-08,1552,1552,0,0,0,private,East of England
2022-03-09,1820,1820,0,0,0,private,East of England
2022-03-10,379,379,0,0,0,private,East of England
2021-11-15,2465,1568,897,0,897,private,London
2021-11-16,2163,1284,879,5,874,private,London
2021-11-17,2154,1251,903,0,903,private,London
2021-11-18,2200,1177,1023,1,1022,private,London
2021-11-19,1898,1169,729,2,727,private,London
2021-11-20,1738,1028,710,0,710,private,London
2021-11-21,1647,936,711,0,711,private,London
2021-11-22,2586,1672,914,2,912,private,London
2021-11-23,2464,1590,874,1,873,private,London
2021-11-24,2570,1735,835,1,834,private,London
2021-11-25,2432,1491,941,2,939,private,London
2021-11-26,2240,1392,848,6,842,private,London
2021-11-27,2046,1301,745,4,741,private,London
2021-11-28,1754,1196,558,2,556,private,London
2021-11-29,3190,2062,1128,1,1127,private,London
2021-11-30,3195,2294,901,12,889,private,London
2021-12-01,3379,2495,884,14,870,private,London
2021-12-02,3129,2294,835,23,812,private,London
2021-12-03,2951,2123,828,28,800,private,London
2021-12-04,2465,1413,1052,54,998,private,London
2021-12-05,2347,1517,830,84,746,private,London
2021-12-06,3795,2424,1371,179,1192,private,London
2021-12-07,4220,2844,1376,341,1035,private,London
2021-12-08,4756,3114,1642,557,1085,private,London
2021-12-09,4951,2965,1986,807,1179,private,London
2021-12-10,4852,2419,2433,1089,1344,private,London
2021-12-11,4398,3448,950,496,454,private,London
2021-12-12,4873,3076,1797,1064,733,private,London
2021-12-13,9048,6157,2891,2034,857,private,London
2021-12-14,12026,7914,4112,3245,867,private,London
2021-12-15,13966,9475,4491,3739,752,private,London
2021-12-16,14616,9162,5454,4679,775,private,London
2021-12-17,13081,8804,4277,3736,541,private,London
2021-12-18,12037,7697,4340,3851,489,private,London
2021-12-19,10228,7079,3149,2799,350,private,London
2021-12-20,15526,10072,5454,4918,536,private,London
2021-12-21,16884,10132,6752,6211,541,private,London
2021-12-22,15486,9029,6457,6001,456,private,London
2021-12-23,15240,9391,5849,5507,342,private,London
2021-12-24,11444,7447,3997,3811,186,private,London
2021-12-25,3957,2475,1482,1432,50,private,London
2021-12-26,8019,4263,3756,3625,131,private,London
2021-12-27,12969,8707,4262,4082,180,private,London
2021-12-28,12377,8462,3915,3776,139,private,London
2021-12-29,17997,9811,8186,7920,266,private,London
2021-12-30,13259,8272,4987,4854,133,private,London
2021-12-31,9768,6005,3763,3681,82,private,London
2022-01-01,5504,3480,2024,1980,44,private,London
2022-01-02,10416,7113,3303,3231,72,private,London
2022-01-03,12300,8789,3511,3459,52,private,London
2022-01-04,15010,10087,4923,4824,99,private,London
2022-01-05,10551,7109,3442,3382,60,private,London
2022-01-06,10407,6993,3414,3350,64,private,London
2022-01-07,6181,3894,2287,2250,37,private,London
2022-01-08,4535,3135,1400,1370,30,private,London
2022-01-09,4004,2641,1363,1322,41,private,London
2022-01-10,6340,3897,2443,2376,67,private,London
2022-01-11,4962,3208,1754,1710,44,private,London
2022-01-12,4312,3015,1297,1254,43,private,London
2022-01-13,3999,2619,1380,1342,38,private,London
2022-01-14,3419,2367,1052,1017,35,private,London
2022-01-15,2672,1695,977,938,39,private,London
2022-01-16,2579,1472,1107,1044,63,private,London
2022-01-17,4178,2710,1468,1402,66,private,London
2022-01-18,3962,2520,1442,1347,95,private,London
2022-01-19,3619,1972,1647,1546,101,private,London
2022-01-20,3429,1993,1436,1343,93,private,London
2022-01-21,3163,1895,1268,1181,87,private,London
2022-01-22,2659,1630,1029,942,87,private,London
2022-01-23,2498,1621,877,802,75,private,London
2022-01-24,4161,2592,1569,1381,188,private,London
2022-01-25,3887,2038,1849,1630,219,private,London
2022-01-26,3942,2217,1725,1511,214,private,London
2022-01-27,3499,2059,1440,1223,217,private,London
2022-01-28,3164,1793,1371,1157,214,private,London
2022-01-29,2450,1343,1107,900,207,private,London
2022-01-30,2178,1138,1040,847,193,private,London
2022-01-31,3382,2177,1205,951,254,private,London
2022-02-01,3163,2018,1145,868,277,private,London
2022-02-02,3192,2065,1127,847,280,private,London
2022-02-03,2860,1948,912,698,214,private,London
2022-02-04,2394,1558,836,607,229,private,London
2022-02-05,1773,1004,769,517,252,private,London
2022-02-06,1559,1085,474,328,146,private,London
2022-02-07,2654,1487,1167,734,433,private,London
2022-02-08,2278,1485,793,498,295,private,London
2022-02-09,2238,1432,806,482,324,private,London
2022-02-10,1942,1224,718,421,297,private,London
2022-02-11,1561,909,652,384,268,private,London
2022-02-12,1189,696,493,282,211,private,London
2022-02-13,916,568,348,160,188,private,London
2022-02-14,1738,676,1062,540,522,private,London
2022-02-15,1531,691,840,403,437,private,London
2022-02-16,1721,759,962,461,501,private,London
2022-02-17,1527,615,912,450,462,private,London
2022-02-18,316,80,236,97,139,private,London
2022-02-19,1383,485,898,384,514,private,London
2022-02-20,1009,497,512,185,327,private,London
2022-02-21,1513,619,894,308,586,private,London
2022-02-22,1336,564,772,249,523,private,London
2022-02-23,1177,461,716,226,490,private,London
2022-02-24,994,367,627,176,451,private,London
2022-02-25,885,346,539,147,392,private,London
2022-02-26,700,316,384,100,284,private,London
2022-02-27,629,302,327,78,249,private,London
2022-02-28,1343,550,793,192,601,private,London
2022-03-01,1269,526,743,164,579,private,London
2022-03-02,1405,549,856,158,698,private,London
2022-03-03,1445,518,927,148,779,private,London
2022-03-04,1386,553,833,132,701,private,London
2022-03-05,1142,458,684,104,580,private,London
2022-03-06,1013,515,498,60,438,private,London
2022-03-07,1921,1920,1,0,1,private,London
2022-03-08,1961,1961,0,0,0,private,London
2022-03-09,2174,2174,0,0,0,private,London
2022-03-10,211,211,0,0,0,private,London
2021-11-15,4034,1466,2568,3,2565,private,Midlands
2021-11-16,3878,1203,2675,0,2675,private,Midlands
2021-11-17,3638,1418,2220,1,2219,private,Midlands
2021-11-18,3471,1138,2333,0,2333,private,Midlands
2021-11-19,3290,784,2506,4,2502,private,Midlands
2021-11-20,2893,689,2204,1,2203,private,Midlands
2021-11-21,2783,449,2334,4,2330,private,Midlands
2021-11-22,4097,1045,3052,1,3051,private,Midlands
2021-11-23,3785,1035,2750,1,2749,private,Midlands
2021-11-24,3686,1543,2143,3,2140,private,Midlands
2021-11-25,3512,1210,2302,2,2300,private,Midlands
2021-11-26,3169,1489,1680,7,1673,private,Midlands
2021-11-27,2378,1186,1192,1,1191,private,Midlands
2021-11-28,2913,1355,1558,1,1557,private,Midlands
2021-11-29,4231,1446,2785,11,2774,private,Midlands
2021-11-30,4342,1734,2608,7,2601,private,Midlands
2021-12-01,4255,1714,2541,11,2530,private,Midlands
2021-12-02,4003,1781,2222,10,2212,private,Midlands
2021-12-03,3633,1918,1715,9,1706,private,Midlands
2021-12-04,3143,1617,1526,9,1517,private,Midlands
2021-12-05,3020,1345,1675,13,1662,private,Midlands
2021-12-06,4606,2768,1838,35,1803,private,Midlands
2021-12-07,4326,2110,2216,108,2108,private,Midlands
2021-12-08,4455,2645,1810,123,1687,private,Midlands
2021-12-09,4407,2021,2386,229,2157,private,Midlands
2021-12-10,3932,895,3037,407,2630,private,Midlands
2021-12-11,3452,809,2643,446,2197,private,Midlands
2021-12-12,3305,1165,2140,510,1630,private,Midlands
2021-12-13,5369,1940,3429,1163,2266,private,Midlands
2021-12-14,5949,2074,3875,1908,1967,private,Midlands
2021-12-15,7840,2976,4864,2961,1903,private,Midlands
2021-12-16,7121,2599,4522,2836,1686,private,Midlands
2021-12-17,6463,1765,4698,3084,1614,private,Midlands
2021-12-18,5726,1231,4495,3105,1390,private,Midlands
2021-12-19,5690,1262,4428,3253,1175,private,Midlands
2021-12-20,9126,2797,6329,4974,1355,private,Midlands
2021-12-21,10452,3736,6716,5707,1009,private,Midlands
2021-12-22,11763,4071,7692,6740,952,private,Midlands
2021-12-23,12476,5383,7093,6251,842,private,Midlands
2021-12-24,10954,4352,6602,5902,700,private,Midlands
2021-12-25,4755,2476,2279,2088,191,private,Midlands
2021-12-26,8341,4317,4024,3714,310,private,Midlands
2021-12-27,14816,7550,7266,6812,454,private,Midlands
2021-12-28,15652,9432,6220,5939,281,private,Midlands
2021-12-29,20788,14275,6513,6148,365,private,Midlands
2021-12-30,18053,9799,8254,7956,298,private,Midlands
2021-12-31,13662,6725,6937,6757,180,private,Midlands
2022-01-01,8565,4514,4051,3942,109,private,Midlands
2022-01-02,14444,5877,8567,8347,220,private,Midlands
2022-01-03,18377,8560,9817,9598,219,private,Midlands
2022-01-04,24222,14596,9626,9490,136,private,Midlands
2022-01-05,18639,9230,9409,9248,161,private,Midlands
2022-01-06,16420,8160,8260,8142,118,private,Midlands
2022-01-07,10172,5172,5000,4933,67,private,Midlands
2022-01-08,7030,3303,3727,3674,53,private,Midlands
2022-01-09,6218,2549,3669,3620,49,private,Midlands
2022-01-10,9692,4357,5335,5260,75,private,Midlands
2022-01-11,7377,3247,4130,4069,61,private,Midlands
2022-01-12,6032,2887,3145,3119,26,private,Midlands
2022-01-13,5531,2606,2925,2892,33,private,Midlands
2022-01-14,4613,2075,2538,2511,27,private,Midlands
2022-01-15,3811,1496,2315,2277,38,private,Midlands
2022-01-16,3572,1387,2185,2138,47,private,Midlands
2022-01-17,6322,2923,3399,3336,63,private,Midlands
2022-01-18,5626,2543,3083,3024,59,private,Midlands
2022-01-19,5313,2361,2952,2900,52,private,Midlands
2022-01-20,4795,2087,2708,2645,63,private,Midlands
2022-01-21,4311,2448,1863,1819,44,private,Midlands
2022-01-22,3477,2148,1329,1285,44,private,Midlands
2022-01-23,3560,2239,1321,1274,47,private,Midlands
2022-01-24,5691,3395,2296,2216,80,private,Midlands
2022-01-25,5044,3211,1833,1742,91,private,Midlands
2022-01-26,4908,2990,1918,1832,86,private,Midlands
2022-01-27,4203,2738,1465,1360,105,private,Midlands
2022-01-28,3667,2263,1404,1317,87,private,Midlands
2022-01-29,2968,1918,1050,966,84,private,Midlands
2022-01-30,2686,1750,936,842,94,private,Midlands
2022-01-31,4215,2699,1516,1379,137,private,Midlands
2022-02-01,3779,2441,1338,1212,126,private,Midlands
2022-02-02,3591,2380,1211,1081,130,private,Midlands
2022-02-03,3206,2048,1158,1013,145,private,Midlands
2022-02-04,2590,1666,924,812,112,private,Midlands
2022-02-05,1891,1289,602,490,112,private,Midlands
2022-02-06,1654,489,1165,981,184,private,Midlands
2022-02-07,2966,1772,1194,990,204,private,Midlands
2022-02-08,2565,1747,818,642,176,private,Midlands
2022-02-09,2413,1760,653,498,155,private,Midlands
2022-02-10,1828,1339,489,370,119,private,Midlands
2022-02-11,1569,1173,396,316,80,private,Midlands
2022-02-12,1133,781,352,231,121,private,Midlands
2022-02-13,980,239,741,514,227,private,Midlands
2022-02-14,1855,693,1162,811,351,private,Midlands
2022-02-15,1501,1104,397,239,158,private,Midlands
2022-02-16,1572,1104,468,291,177,private,Midlands
2022-02-17,1385,945,440,262,178,private,Midlands
2022-02-18,1086,782,304,175,129,private,Midlands
2022-02-19,938,696,242,131,111,private,Midlands
2022-02-20,803,593,210,108,102,private,Midlands
2022-02-21,1378,965,413,216,197,private,Midlands
2022-02-22,1069,782,287,163,124,private,Midlands
2022-02-23,1039,737,302,132,170,private,Midlands
2022-02-24,809,547,262,104,158,private,Midlands
2022-02-25,753,553,200,84,116,private,Midlands
2022-02-26,587,423,164,58,106,private,Midlands
2022-02-27,627,451,176,58,118,private,Midlands
2022-02-28,1329,898,431,156,275,private,Midlands
2022-03-01,1227,860,367,116,251,private,Midlands
2022-03-02,1187,800,387,116,271,private,Midlands
2022-03-03,1289,872,417,118,299,private,Midlands
2022-03-04,1239,865,374,99,275,private,Midlands
2022-03-05,903,647,256,51,205,private,Midlands
2022-03-06,968,704,264,51,213,private,Midlands
2022-03-07,2003,2001,2,0,2,private,Midlands
2022-03-08,1855,1855,0,0,0,private,Midlands
2022-03-09,1923,1923,0,0,0,private,Midlands
2022-03-10,403,403,0,0,0,private,Midlands
2021-11-15,3091,417,2674,0,2674,private,North East and Yorkshire
2021-11-16,2796,362,2434,1,2433,private,North East and Yorkshire
2021-11-17,2802,221,2581,0,2581,private,North East and Yorkshire
2021-11-18,2718,181,2537,3,2534,private,North East and Yorkshire
2021-11-19,2422,172,2250,0,2250,private,North East and Yorkshire
2021-11-20,1978,133,1845,0,1845,private,North East and Yorkshire
2021-11-21,1971,171,1800,0,1800,private,North East and Yorkshire
2021-11-22,2876,262,2614,1,2613,private,North East and Yorkshire
2021-11-23,2761,280,2481,1,2480,private,North East and Yorkshire
2021-11-24,2636,237,2399,2,2397,private,North East and Yorkshire
2021-11-25,2492,221,2271,1,2270,private,North East and Yorkshire
2021-11-26,2218,202,2016,1,2015,private,North East and Yorkshire
2021-11-27,1406,114,1292,0,1292,private,North East and Yorkshire
2021-11-28,2013,117,1896,1,1895,private,North East and Yorkshire
2021-11-29,3030,220,2810,1,2809,private,North East and Yorkshire
2021-11-30,3061,257,2804,3,2801,private,North East and Yorkshire
2021-12-01,2990,227,2763,6,2757,private,North East and Yorkshire
2021-12-02,2617,184,2433,4,2429,private,North East and Yorkshire
2021-12-03,2355,210,2145,6,2139,private,North East and Yorkshire
2021-12-04,1955,226,1729,1,1728,private,North East and Yorkshire
2021-12-05,1949,171,1778,10,1768,private,North East and Yorkshire
2021-12-06,2939,299,2640,15,2625,private,North East and Yorkshire
2021-12-07,2756,320,2436,37,2399,private,North East and Yorkshire
2021-12-08,2925,318,2607,82,2525,private,North East and Yorkshire
2021-12-09,2699,271,2428,112,2316,private,North East and Yorkshire
2021-12-10,2350,252,2098,122,1976,private,North East and Yorkshire
2021-12-11,2153,216,1937,165,1772,private,North East and Yorkshire
2021-12-12,2210,494,1716,247,1469,private,North East and Yorkshire
2021-12-13,3394,279,3115,668,2447,private,North East and Yorkshire
2021-12-14,3788,323,3465,1306,2159,private,North East and Yorkshire
2021-12-15,4736,339,4397,2135,2262,private,North East and Yorkshire
2021-12-16,4296,304,3992,2029,1963,private,North East and Yorkshire
2021-12-17,3863,346,3517,1925,1592,private,North East and Yorkshire
2021-12-18,3654,319,3335,2021,1314,private,North East and Yorkshire
2021-12-19,3757,349,3408,2237,1171,private,North East and Yorkshire
2021-12-20,5938,476,5462,3909,1553,private,North East and Yorkshire
2021-12-21,7133,618,6515,5157,1358,private,North East and Yorkshire
2021-12-22,8736,1482,7254,6112,1142,private,North East and Yorkshire
2021-12-23,9077,1927,7150,6089,1061,private,North East and Yorkshire
2021-12-24,8418,2205,6213,5406,807,private,North East and Yorkshire
2021-12-25,3651,155,3496,3175,321,private,North East and Yorkshire
2021-12-26,7109,347,6762,6160,602,private,North East and Yorkshire
2021-12-27,11109,779,10330,9540,790,private,North East and Yorkshire
2021-12-28,13230,957,12273,11561,712,private,North East and Yorkshire
2021-12-29,17845,2358,15487,14600,887,private,North East and Yorkshire
2021-12-30,16229,1173,15056,14562,494,private,North East and Yorkshire
2021-12-31,14041,2118,11923,11572,351,private,North East and Yorkshire
2022-01-01,8344,424,7920,7737,183,private,North East and Yorkshire
2022-01-02,14311,946,13365,13017,348,private,North East and Yorkshire
2022-01-03,19847,1413,18434,18040,394,private,North East and Yorkshire
2022-01-04,25504,2997,22507,22014,493,private,North East and Yorkshire
2022-01-05,21163,1413,19750,19404,346,private,North East and Yorkshire
2022-01-06,16220,1223,14997,14763,234,private,North East and Yorkshire
2022-01-07,11018,2319,8699,8561,138,private,North East and Yorkshire
2022-01-08,7266,1809,5457,5390,67,private,North East and Yorkshire
2022-01-09,6485,638,5847,5801,46,private,North East and Yorkshire
2022-01-10,9846,829,9017,8908,109,private,North East and Yorkshire
2022-01-11,7457,607,6850,6784,66,private,North East and Yorkshire
2022-01-12,6043,457,5586,5528,58,private,North East and Yorkshire
2022-01-13,5437,411,5026,4965,61,private,North East and Yorkshire
2022-01-14,4491,389,4102,4069,33,private,North East and Yorkshire
2022-01-15,3459,284,3175,3139,36,private,North East and Yorkshire
2022-01-16,3419,286,3133,3101,32,private,North East and Yorkshire
2022-01-17,5652,560,5092,5035,57,private,North East and Yorkshire
2022-01-18,5056,448,4608,4564,44,private,North East and Yorkshire
2022-01-19,4580,375,4205,4152,53,private,North East and Yorkshire
2022-01-20,3848,393,3455,3410,45,private,North East and Yorkshire
2022-01-21,3487,365,3122,3082,40,private,North East and Yorkshire
2022-01-22,2819,317,2502,2455,47,private,North East and Yorkshire
2022-01-23,2852,375,2477,2434,43,private,North East and Yorkshire
2022-01-24,4464,589,3875,3786,89,private,North East and Yorkshire
2022-01-25,3977,567,3410,3315,95,private,North East and Yorkshire
2022-01-26,3773,480,3293,3184,109,private,North East and Yorkshire
2022-01-27,3339,416,2923,2818,105,private,North East and Yorkshire
2022-01-28,2628,329,2299,2212,87,private,North East and Yorkshire
2022-01-29,1879,159,1720,1669,51,private,North East and Yorkshire
2022-01-30,2035,320,1715,1651,64,private,North East and Yorkshire
2022-01-31,3223,448,2775,2615,160,private,North East and Yorkshire
2022-02-01,2688,291,2397,2270,127,private,North East and Yorkshire
2022-02-02,2594,272,2322,2172,150,private,North East and Yorkshire
2022-02-03,2338,260,2078,1941,137,private,North East and Yorkshire
2022-02-04,1912,229,1683,1532,151,private,North East and Yorkshire
2022-02-05,1433,155,1278,1166,112,private,North East and Yorkshire
2022-02-06,1183,127,1056,944,112,private,North East and Yorkshire
2022-02-07,2115,310,1805,1597,208,private,North East and Yorkshire
2022-02-08,1776,245,1531,1338,193,private,North East and Yorkshire
2022-02-09,1666,213,1453,1237,216,private,North East and Yorkshire
2022-02-10,1366,167,1199,991,208,private,North East and Yorkshire
2022-02-11,1090,127,963,806,157,private,North East and Yorkshire
2022-02-12,826,73,753,600,153,private,North East and Yorkshire
2022-02-13,751,93,658,501,157,private,North East and Yorkshire
2022-02-14,1381,179,1202,898,304,private,North East and Yorkshire
2022-02-15,1145,144,1001,741,260,private,North East and Yorkshire
2022-02-16,1185,81,1104,802,302,private,North East and Yorkshire
2022-02-17,1058,100,958,673,285,private,North East and Yorkshire
2022-02-18,822,50,772,529,243,private,North East and Yorkshire
2022-02-19,575,51,524,350,174,private,North East and Yorkshire
2022-02-20,539,37,502,296,206,private,North East and Yorkshire
2022-02-21,960,76,884,540,344,private,North East and Yorkshire
2022-02-22,778,62,716,434,282,private,North East and Yorkshire
2022-02-23,718,70,648,360,288,private,North East and Yorkshire
2022-02-24,605,57,548,267,281,private,North East and Yorkshire
2022-02-25,469,44,425,207,218,private,North East and Yorkshire
2022-02-26,395,38,357,155,202,private,North East and Yorkshire
2022-02-27,519,72,447,166,281,private,North East and Yorkshire
2022-02-28,854,80,774,322,452,private,North East and Yorkshire
2022-03-01,845,89,756,283,473,private,North East and Yorkshire
2022-03-02,901,112,789,265,524,private,North East and Yorkshire
2022-03-03,937,115,822,287,535,private,North East and Yorkshire
2022-03-04,799,112,687,214,473,private,North East and Yorkshire
2022-03-05,635,73,562,173,389,private,North East and Yorkshire
2022-03-06,695,124,571,123,448,private,North East and Yorkshire
2022-03-07,1368,1186,182,54,128,private,North East and Yorkshire
2022-03-08,1374,1374,0,0,0,private,North East and Yorkshire
2022-03-09,1258,1258,0,0,0,private,North East and Yorkshire
2022-03-10,168,168,0,0,0,private,North East and Yorkshire
2021-11-15,2628,202,2426,1,2425,private,North West
2021-11-16,2413,246,2167,0,2167,private,North West
2021-11-17,2350,257,2093,0,2093,private,North West
2021-11-18,2301,232,2069,0,2069,private,North West
2021-11-19,2060,218,1842,0,1842,private,North West
2021-11-20,1799,211,1588,0,1588,private,North West
2021-11-21,1703,187,1516,0,1516,private,North West
2021-11-22,2549,314,2235,0,2235,private,North West
2021-11-23,2456,268,2188,0,2188,private,North West
2021-11-24,2261,268,1993,0,1993,private,North West
2021-11-25,2107,231,1876,0,1876,private,North West
2021-11-26,1931,192,1739,1,1738,private,North West
2021-11-27,1491,122,1369,1,1368,private,North West
2021-11-28,1795,150,1645,1,1644,private,North West
2021-11-29,2557,219,2338,1,2337,private,North West
2021-11-30,2731,251,2480,7,2473,private,North West
2021-12-01,2790,271,2519,12,2507,private,North West
2021-12-02,2456,227,2229,20,2209,private,North West
2021-12-03,2282,210,2072,25,2047,private,North West
2021-12-04,1715,1110,605,6,599,private,North West
2021-12-05,1922,201,1721,26,1695,private,North West
2021-12-06,3134,1418,1716,66,1650,private,North West
2021-12-07,2726,813,1913,147,1766,private,North West
2021-12-08,2967,1391,1576,192,1384,private,North West
2021-12-09,2758,1184,1574,220,1354,private,North West
2021-12-10,2493,200,2293,419,1874,private,North West
2021-12-11,2237,170,2067,437,1630,private,North West
2021-12-12,2263,183,2080,606,1474,private,North West
2021-12-13,3862,1430,2432,889,1543,private,North West
2021-12-14,4689,1484,3205,1643,1562,private,North West
2021-12-15,5939,1888,4051,2611,1440,private,North West
2021-12-16,5736,1820,3916,2579,1337,private,North West
2021-12-17,5099,1557,3542,2401,1141,private,North West
2021-12-18,4743,1298,3445,2525,920,private,North West
2021-12-19,4897,1382,3515,2742,773,private,North West
2021-12-20,8294,2600,5694,4693,1001,private,North West
2021-12-21,9975,2916,7059,6162,897,private,North West
2021-12-22,11988,1425,10563,9610,953,private,North West
2021-12-23,11713,2808,8905,8133,772,private,North West
2021-12-24,10721,2625,8096,7469,627,private,North West
2021-12-25,4436,203,4233,3981,252,private,North West
2021-12-26,7737,547,7190,6807,383,private,North West
2021-12-27,14256,4062,10194,9632,562,private,North West
2021-12-28,14752,5078,9674,9289,385,private,North West
2021-12-29,19561,9232,10329,9849,480,private,North West
2021-12-30,16748,3034,13714,13345,369,private,North West
2021-12-31,13271,1491,11780,11534,246,private,North West
2022-01-01,7985,516,7469,7302,167,private,North West
2022-01-02,13783,2132,11651,11436,215,private,North West
2022-01-03,16556,2695,13861,13610,251,private,North West
2022-01-04,21549,5895,15654,15388,266,private,North West
2022-01-05,16666,2718,13948,13740,208,private,North West
2022-01-06,12465,2916,9549,9439,110,private,North West
2022-01-07,7401,1733,5668,5584,84,private,North West
2022-01-08,5273,1358,3915,3861,54,private,North West
2022-01-09,4612,615,3997,3940,57,private,North West
2022-01-10,7251,715,6536,6454,82,private,North West
2022-01-11,5074,498,4576,4520,56,private,North West
2022-01-12,4141,447,3694,3644,50,private,North West
2022-01-13,3691,357,3334,3300,34,private,North West
2022-01-14,2847,288,2559,2535,24,private,North West
2022-01-15,2438,244,2194,2165,29,private,North West
2022-01-16,2447,251,2196,2166,30,private,North West
2022-01-17,4025,479,3546,3493,53,private,North West
2022-01-18,3602,362,3240,3185,55,private,North West
2022-01-19,3407,392,3015,2947,68,private,North West
2022-01-20,2759,276,2483,2431,52,private,North West
2022-01-21,2457,260,2197,2153,44,private,North West
2022-01-22,1970,214,1756,1705,51,private,North West
2022-01-23,2016,247,1769,1716,53,private,North West
2022-01-24,3298,435,2863,2753,110,private,North West
2022-01-25,2914,339,2575,2466,109,private,North West
2022-01-26,2606,349,2257,2132,125,private,North West
2022-01-27,2401,320,2081,1972,109,private,North West
2022-01-28,2028,280,1748,1648,100,private,North West
2022-01-29,1546,178,1368,1274,94,private,North West
2022-01-30,1606,233,1373,1260,113,private,North West
2022-01-31,2382,319,2063,1891,172,private,North West
2022-02-01,1970,245,1725,1561,164,private,North West
2022-02-02,1967,290,1677,1493,184,private,North West
2022-02-03,1810,232,1578,1396,182,private,North West
2022-02-04,1365,196,1169,1019,150,private,North West
2022-02-05,1023,150,873,765,108,private,North West
2022-02-06,972,136,836,684,152,private,North West
2022-02-07,1614,223,1391,1146,245,private,North West
2022-02-08,1394,187,1207,987,220,private,North West
2022-02-09,1279,144,1135,885,250,private,North West
2022-02-10,1061,123,938,697,241,private,North West
2022-02-11,829,93,736,534,202,private,North West
2022-02-12,612,78,534,362,172,private,North West
2022-02-13,562,67,495,340,155,private,North West
2022-02-14,1040,88,952,639,313,private,North West
2022-02-15,893,96,797,518,279,private,North West
2022-02-16,894,79,815,519,296,private,North West
2022-02-17,794,70,724,435,289,private,North West
2022-02-18,590,39,551,325,226,private,North West
2022-02-19,539,51,488,239,249,private,North West
2022-02-20,462,40,422,204,218,private,North West
2022-02-21,772,68,704,363,341,private,North West
2022-02-22,671,54,617,309,308,private,North West
2022-02-23,632,61,571,271,300,private,North West
2022-02-24,486,49,437,185,252,private,North West
2022-02-25,459,46,413,168,245,private,North West
2022-02-26,360,35,325,130,195,private,North West
2022-02-27,412,49,363,100,263,private,North West
2022-02-28,757,68,689,224,465,private,North West
2022-03-01,787,68,719,216,503,private,North West
2022-03-02,829,57,772,212,560,private,North West
2022-03-03,843,54,789,185,604,private,North West
2022-03-04,816,63,753,163,590,private,North West
2022-03-05,625,57,568,128,440,private,North West
2022-03-06,709,66,643,112,531,private,North West
2022-03-07,1413,1207,206,36,170,private,North West
2022-03-08,1290,1290,0,0,0,private,North West
2022-03-09,1333,1333,0,0,0,private,North West
2022-03-10,377,377,0,0,0,private,North West
2021-11-15,3885,2055,1830,4,1826,private,South East
2021-11-16,3509,2137,1372,2,1370,private,South East
2021-11-17,3476,2177,1299,1,1298,private,South East
2021-11-18,3550,2225,1325,0,1325,private,South East
2021-11-19,3280,2329,951,3,948,private,South East
2021-11-20,2878,2129,749,0,749,private,South East
2021-11-21,2940,2064,876,4,872,private,South East
2021-11-22,4285,3091,1194,3,1191,private,South East
2021-11-23,4281,2960,1321,0,1321,private,South East
2021-11-24,4028,2910,1118,0,1118,private,South East
2021-11-25,3736,2390,1346,5,1341,private,South East
2021-11-26,3361,2475,886,2,884,private,South East
2021-11-27,3062,2221,841,2,839,private,South East
2021-11-28,3068,2227,841,0,841,private,South East
2021-11-29,4898,3608,1290,6,1284,private,South East
2021-11-30,4817,3544,1273,1,1272,private,South East
2021-12-01,4863,3467,1396,10,1386,private,South East
2021-12-02,4329,3261,1068,4,1064,private,South East
2021-12-03,4030,2725,1305,8,1297,private,South East
2021-12-04,3324,2123,1201,14,1187,private,South East
2021-12-05,3069,2180,889,18,871,private,South East
2021-12-06,4697,3391,1306,51,1255,private,South East
2021-12-07,4658,3167,1491,142,1349,private,South East
2021-12-08,4716,3146,1570,204,1366,private,South East
2021-12-09,4510,2857,1653,251,1402,private,South East
2021-12-10,4259,2759,1500,284,1216,private,South East
2021-12-11,3860,2920,940,235,705,private,South East
2021-12-12,3728,2644,1084,352,732,private,South East
2021-12-13,6008,4193,1815,708,1107,private,South East
2021-12-14,7255,5285,1970,1095,875,private,South East
2021-12-15,8310,5938,2372,1493,879,private,South East
2021-12-16,7929,5406,2523,1695,828,private,South East
2021-12-17,7357,5006,2351,1600,751,private,South East
2021-12-18,6580,4767,1813,1331,482,private,South East
2021-12-19,6333,4601,1732,1310,422,private,South East
2021-12-20,9484,7275,2209,1739,470,private,South East
2021-12-21,10113,6815,3298,2731,567,private,South East
2021-12-22,10452,7423,3029,2613,416,private,South East
2021-12-23,10381,7429,2952,2590,362,private,South East
2021-12-24,8982,6174,2808,2507,301,private,South East
2021-12-25,3702,2540,1162,1048,114,private,South East
2021-12-26,5952,4334,1618,1489,129,private,South East
2021-12-27,10343,7665,2678,2483,195,private,South East
2021-12-28,10140,7227,2913,2774,139,private,South East
2021-12-29,14640,9919,4721,4493,228,private,South East
2021-12-30,12044,8719,3325,3202,123,private,South East
2021-12-31,8817,5602,3215,3110,105,private,South East
2022-01-01,5382,3547,1835,1766,69,private,South East
2022-01-02,8345,6157,2188,2115,73,private,South East
2022-01-03,10955,8189,2766,2686,80,private,South East
2022-01-04,16124,12123,4001,3885,116,private,South East
2022-01-05,10714,8026,2688,2625,63,private,South East
2022-01-06,8884,6556,2328,2261,67,private,South East
2022-01-07,5786,4087,1699,1659,40,private,South East
2022-01-08,4040,2979,1061,1030,31,private,South East
2022-01-09,3531,2741,790,774,16,private,South East
2022-01-10,5942,4521,1421,1390,31,private,South East
2022-01-11,4461,3267,1194,1169,25,private,South East
2022-01-12,3706,3046,660,637,23,private,South East
2022-01-13,3355,2628,727,702,25,private,South East
2022-01-14,2946,2374,572,555,17,private,South East
2022-01-15,2422,1684,738,709,29,private,South East
2022-01-16,2387,1588,799,769,30,private,South East
2022-01-17,4438,3668,770,736,34,private,South East
2022-01-18,4078,3162,916,874,42,private,South East
2022-01-19,3753,2784,969,909,60,private,South East
2022-01-20,3607,2706,901,837,64,private,South East
2022-01-21,3360,2764,596,561,35,private,South East
2022-01-22,2910,2477,433,402,31,private,South East
2022-01-23,3008,2567,441,393,48,private,South East
2022-01-24,4919,4143,776,706,70,private,South East
2022-01-25,4500,3608,892,807,85,private,South East
2022-01-26,4593,3830,763,677,86,private,South East
2022-01-27,3988,3246,742,652,90,private,South East
2022-01-28,3643,2966,677,564,113,private,South East
2022-01-29,2989,2260,729,614,115,private,South East
2022-01-30,2816,2032,784,627,157,private,South East
2022-01-31,4487,3744,743,626,117,private,South East
2022-02-01,3946,3408,538,439,99,private,South East
2022-02-02,3806,3307,499,418,81,private,South East
2022-02-03,3502,3110,392,302,90,private,South East
2022-02-04,2895,2557,338,267,71,private,South East
2022-02-05,2100,1651,449,315,134,private,South East
2022-02-06,1826,1521,305,231,74,private,South East
2022-02-07,3411,2867,544,386,158,private,South East
2022-02-08,2913,2551,362,233,129,private,South East
2022-02-09,2656,2290,366,232,134,private,South East
2022-02-10,2154,1868,286,180,106,private,South East
2022-02-11,1850,1571,279,188,91,private,South East
2022-02-12,1326,1099,227,143,84,private,South East
2022-02-13,1081,878,203,122,81,private,South East
2022-02-14,2234,1753,481,255,226,private,South East
2022-02-15,1877,1491,386,213,173,private,South East
2022-02-16,1965,1521,444,194,250,private,South East
2022-02-17,1751,1372,379,179,200,private,South East
2022-02-18,305,212,93,42,51,private,South East
2022-02-19,1477,1090,387,154,233,private,South East
2022-02-20,997,778,219,96,123,private,South East
2022-02-21,1872,1517,355,131,224,private,South East
2022-02-22,1465,1151,314,119,195,private,South East
2022-02-23,1191,941,250,91,159,private,South East
2022-02-24,955,737,218,63,155,private,South East
2022-02-25,946,755,191,57,134,private,South East
2022-02-26,703,557,146,41,105,private,South East
2022-02-27,695,520,175,46,129,private,South East
2022-02-28,1664,1297,367,72,295,private,South East
2022-03-01,1473,1157,316,83,233,private,South East
2022-03-02,1559,1231,328,68,260,private,South East
2022-03-03,1609,1259,350,63,287,private,South East
2022-03-04,1666,1281,385,63,322,private,South East
2022-03-05,1213,947,266,43,223,private,South East
2022-03-06,1191,899,292,47,245,private,South East
2022-03-07,2741,2741,0,0,0,private,South East
2022-03-08,2545,2545,0,0,0,private,South East
2022-03-09,2729,2729,0,0,0,private,South East
2022-03-10,593,593,0,0,0,private,South East
2021-11-15,2608,1871,737,0,737,private,South West
2021-11-16,2404,2097,307,0,307,private,South West
2021-11-17,2217,1962,255,0,255,private,South West
2021-11-18,2142,1832,310,0,310,private,South West
2021-11-19,1973,1795,178,0,178,private,South West
2021-11-20,1783,1609,174,0,174,private,South West
2021-11-21,1756,1602,154,0,154,private,South West
2021-11-22,2480,2228,252,0,252,private,South West
2021-11-23,2390,1850,540,0,540,private,South West
2021-11-24,2285,1816,469,0,469,private,South West
2021-11-25,2150,1568,582,1,581,private,South West
2021-11-26,2063,1638,425,0,425,private,South West
2021-11-27,1679,1239,440,0,440,private,South West
2021-11-28,1883,1496,387,0,387,private,South West
2021-11-29,2910,2309,601,2,599,private,South West
2021-11-30,2708,2106,602,3,599,private,South West
2021-12-01,2664,2048,616,2,614,private,South West
2021-12-02,2482,1990,492,1,491,private,South West
2021-12-03,2210,1553,657,6,651,private,South West
2021-12-04,1901,1227,674,8,666,private,South West
2021-12-05,1786,1340,446,6,440,private,South West
2021-12-06,2713,2274,439,12,427,private,South West
2021-12-07,2461,2159,302,15,287,private,South West
2021-12-08,2434,2008,426,37,389,private,South West
2021-12-09,2398,1938,460,38,422,private,South West
2021-12-10,2118,1524,594,82,512,private,South West
2021-12-11,1784,1524,260,41,219,private,South West
2021-12-12,1776,1277,499,111,388,private,South West
2021-12-13,2807,2270,537,152,385,private,South West
2021-12-14,3100,2514,586,285,301,private,South West
2021-12-15,3601,2975,626,347,279,private,South West
2021-12-16,3245,2287,958,566,392,private,South West
2021-12-17,2916,1934,982,615,367,private,South West
2021-12-18,2697,1813,884,582,302,private,South West
2021-12-19,2654,1768,886,652,234,private,South West
2021-12-20,3806,2623,1183,942,241,private,South West
2021-12-21,4097,2515,1582,1347,235,private,South West
2021-12-22,4870,3312,1558,1356,202,private,South West
2021-12-23,4902,3823,1079,939,140,private,South West
2021-12-24,4454,3078,1376,1196,180,private,South West
2021-12-25,1893,1658,235,214,21,private,South West
2021-12-26,3808,3673,135,123,12,private,South West
2021-12-27,5059,3783,1276,1190,86,private,South West
2021-12-28,5418,4249,1169,1093,76,private,South West
2021-12-29,6690,5164,1526,1450,76,private,South West
2021-12-30,6931,5213,1718,1651,67,private,South West
2021-12-31,5940,5402,538,509,29,private,South West
2022-01-01,3365,2982,383,368,15,private,South West
2022-01-02,6075,4862,1213,1173,40,private,South West
2022-01-03,6900,5674,1226,1190,36,private,South West
2022-01-04,8967,7530,1437,1401,36,private,South West
2022-01-05,5918,4585,1333,1298,35,private,South West
2022-01-06,5551,4327,1224,1206,18,private,South West
2022-01-07,3429,2756,673,659,14,private,South West
2022-01-08,2565,2056,509,495,14,private,South West
2022-01-09,2253,1719,534,524,10,private,South West
2022-01-10,3484,2702,782,768,14,private,South West
2022-01-11,2654,1993,661,654,7,private,South West
2022-01-12,2094,1761,333,326,7,private,South West
2022-01-13,1836,1457,379,368,11,private,South West
2022-01-14,1663,1424,239,230,9,private,South West
2022-01-15,1360,1045,315,309,6,private,South West
2022-01-16,1394,929,465,450,15,private,South West
2022-01-17,2416,2032,384,372,12,private,South West
2022-01-18,2194,1796,398,384,14,private,South West
2022-01-19,2186,1756,430,412,18,private,South West
2022-01-20,1968,1564,404,380,24,private,South West
2022-01-21,1906,1880,26,22,4,private,South West
2022-01-22,1598,1582,16,14,2,private,South West
2022-01-23,1584,1581,3,2,1,private,South West
2022-01-24,2796,2779,17,16,1,private,South West
2022-01-25,2514,2499,15,14,1,private,South West
2022-01-26,2505,2487,18,15,3,private,South West
2022-01-27,2164,2157,7,7,0,private,South West
2022-01-28,1946,1928,18,15,3,private,South West
2022-01-29,1661,1651,10,8,2,private,South West
2022-01-30,1546,1538,8,7,1,private,South West
2022-01-31,2613,2583,30,24,6,private,South West
2022-02-01,2246,2219,27,20,7,private,South West
2022-02-02,2177,2154,23,18,5,private,South West
2022-02-03,2028,2000,28,22,6,private,South West
2022-02-04,1703,1680,23,19,4,private,South West
2022-02-05,1186,1179,7,6,1,private,South West
2022-02-06,1072,1062,10,7,3,private,South West
2022-02-07,2065,2037,28,17,11,private,South West
2022-02-08,1799,1781,18,13,5,private,South West
2022-02-09,1752,1731,21,14,7,private,South West
2022-02-10,1403,1393,10,9,1,private,South West
2022-02-11,1103,1093,10,4,6,private,South West
2022-02-12,880,874,6,4,2,private,South West
2022-02-13,724,710,14,8,6,private,South West
2022-02-14,1480,1158,322,169,153,private,South West
2022-02-15,1341,1322,19,8,11,private,South West
2022-02-16,1222,1206,16,11,5,private,South West
2022-02-17,1071,1056,15,4,11,private,South West
2022-02-18,258,253,5,4,1,private,South West
2022-02-19,889,881,8,5,3,private,South West
2022-02-20,672,667,5,1,4,private,South West
2022-02-21,1043,1032,11,4,7,private,South West
2022-02-22,859,844,15,6,9,private,South West
2022-02-23,802,792,10,1,9,private,South West
2022-02-24,721,711,10,4,6,private,South West
2022-02-25,565,562,3,1,2,private,South West
2022-02-26,507,505,2,0,2,private,South West
2022-02-27,483,482,1,0,1,private,South West
2022-02-28,1064,1049,15,6,9,private,South West
2022-03-01,943,933,10,3,7,private,South West
2022-03-02,1010,1001,9,2,7,private,South West
2022-03-03,1037,1026,11,2,9,private,South West
2022-03-04,931,922,9,0,9,private,South West
2022-03-05,752,751,1,0,1,private,South West
2022-03-06,782,779,3,0,3,private,South West
2022-03-07,1612,1611,1,0,1,private,South West
2022-03-08,1493,1493,0,0,0,private,South West
2022-03-09,1751,1751,0,0,0,private,South West
2022-03-10,191,191,0,0,0,private,South West
2021-11-15,18,7,11,0,11,private,Unknown
2021-11-16,13,8,5,0,5,private,Unknown
2021-11-17,21,11,10,0,10,private,Unknown
2021-11-18,15,5,10,0,10,private,Unknown
2021-11-19,24,13,11,0,11,private,Unknown
2021-11-20,13,6,7,0,7,private,Unknown
2021-11-21,8,3,5,0,5,private,Unknown
2021-11-22,24,11,13,0,13,private,Unknown
2021-11-23,18,12,6,0,6,private,Unknown
2021-11-24,19,8,11,0,11,private,Unknown
2021-11-25,16,8,8,0,8,private,Unknown
2021-11-26,11,3,8,0,8,private,Unknown
2021-11-27,16,8,8,0,8,private,Unknown
2021-11-28,16,7,9,0,9,private,Unknown
2021-11-29,31,14,17,0,17,private,Unknown
2021-11-30,28,18,10,0,10,private,Unknown
2021-12-01,23,13,10,0,10,private,Unknown
2021-12-02,17,8,9,0,9,private,Unknown
2021-12-03,19,13,6,0,6,private,Unknown
2021-12-04,13,4,9,0,9,private,Unknown
2021-12-05,11,5,6,1,5,private,Unknown
2021-12-06,18,4,14,1,13,private,Unknown
2021-12-07,27,16,11,0,11,private,Unknown
2021-12-08,42,29,13,4,9,private,Unknown
2021-12-09,26,15,11,3,8,private,Unknown
2021-12-10,23,12,11,2,9,private,Unknown
2021-12-11,26,17,9,3,6,private,Unknown
2021-12-12,25,9,16,2,14,private,Unknown
2021-12-13,46,29,17,8,9,private,Unknown
2021-12-14,59,34,25,16,9,private,Unknown
2021-12-15,69,40,29,19,10,private,Unknown
2021-12-16,69,37,32,15,17,private,Unknown
2021-12-17,48,23,25,17,8,private,Unknown
2021-12-18,53,27,26,21,5,private,Unknown
2021-12-19,46,17,29,24,5,private,Unknown
2021-12-20,78,42,36,29,7,private,Unknown
2021-12-21,70,37,33,30,3,private,Unknown
2021-12-22,87,41,46,43,3,private,Unknown
2021-12-23,84,49,35,28,7,private,Unknown
2021-12-24,59,27,32,29,3,private,Unknown
2021-12-25,40,9,31,30,1,private,Unknown
2021-12-26,62,27,35,32,3,private,Unknown
2021-12-27,77,41,36,34,2,private,Unknown
2021-12-28,108,45,63,61,2,private,Unknown
2021-12-29,113,53,60,59,1,private,Unknown
2021-12-30,113,42,71,69,2,private,Unknown
2021-12-31,79,36,43,40,3,private,Unknown
2022-01-01,56,21,35,35,0,private,Unknown
2022-01-02,73,27,46,44,2,private,Unknown
2022-01-03,106,52,54,54,0,private,Unknown
2022-01-04,156,65,91,89,2,private,Unknown
2022-01-05,130,63,67,66,1,private,Unknown
2022-01-06,89,43,46,44,2,private,Unknown
2022-01-07,64,25,39,38,1,private,Unknown
2022-01-08,41,18,23,23,0,private,Unknown
2022-01-09,42,12,30,30,0,private,Unknown
2022-01-10,69,32,37,36,1,private,Unknown
2022-01-11,52,21,31,28,3,private,Unknown
2022-01-12,34,17,17,17,0,private,Unknown
2022-01-13,36,14,22,22,0,private,Unknown
2022-01-14,23,6,17,17,0,private,Unknown
2022-01-15,17,5,12,12,0,private,Unknown
2022-01-16,28,5,23,23,0,private,Unknown
2022-01-17,52,24,28,26,2,private,Unknown
2022-01-18,35,15,20,20,0,private,Unknown
2022-01-19,36,18,18,17,1,private,Unknown
2022-01-20,38,20,18,18,0,private,Unknown
2022-01-21,33,21,12,11,1,private,Unknown
2022-01-22,33,24,9,9,0,private,Unknown
2022-01-23,21,10,11,11,0,private,Unknown
2022-01-24,53,26,27,26,1,private,Unknown
2022-01-25,51,21,30,27,3,private,Unknown
2022-01-26,47,25,22,19,3,private,Unknown
2022-01-27,28,19,9,7,2,private,Unknown
2022-01-28,32,12,20,18,2,private,Unknown
2022-01-29,24,16,8,8,0,private,Unknown
2022-01-30,37,21,16,16,0,private,Unknown
2022-01-31,29,18,11,11,0,private,Unknown
2022-02-01,45,28,17,13,4,private,Unknown
2022-02-02,40,24,16,16,0,private,Unknown
2022-02-03,30,20,10,8,2,private,Unknown
2022-02-04,29,19,10,7,3,private,Unknown
2022-02-05,23,10,13,12,1,private,Unknown
2022-02-06,18,11,7,5,2,private,Unknown
2022-02-07,26,15,11,9,2,private,Unknown
2022-02-08,21,12,9,7,2,private,Unknown
2022-02-09,22,12,10,8,2,private,Unknown
2022-02-10,24,12,12,8,4,private,Unknown
2022-02-11,9,6,3,2,1,private,Unknown
2022-02-12,12,8,4,4,0,private,Unknown
2022-02-13,13,8,5,5,0,private,Unknown
2022-02-14,22,9,13,11,2,private,Unknown
2022-02-15,17,11,6,6,0,private,Unknown
2022-02-16,15,5,10,4,6,private,Unknown
2022-02-17,21,9,12,8,4,private,Unknown
2022-02-18,9,5,4,3,1,private,Unknown
2022-02-19,11,7,4,1,3,private,Unknown
2022-02-20,8,2,6,3,3,private,Unknown
2022-02-21,7,4,3,3,0,private,Unknown
2022-02-22,23,9,14,6,8,private,Unknown
2022-02-23,13,7,6,3,3,private,Unknown
2022-02-24,8,4,4,1,3,private,Unknown
2022-02-25,8,2,6,5,1,private,Unknown
2022-02-26,8,4,4,4,0,private,Unknown
2022-02-27,4,1,3,0,3,private,Unknown
2022-02-28,22,12,10,1,9,private,Unknown
2022-03-01,21,9,12,7,5,private,Unknown
2022-03-02,19,14,5,2,3,private,Unknown
2022-03-03,14,3,11,3,8,private,Unknown
2022-03-04,11,6,5,2,3,private,Unknown
2022-03-05,7,2,5,2,3,private,Unknown
2022-03-06,14,8,6,1,5,private,Unknown
2022-03-07,22,22,0,0,0,private,Unknown
2022-03-08,21,21,0,0,0,private,Unknown
2022-03-09,32,32,0,0,0,private,Unknown
2022-03-10,4,4,0,0,0,private,Unknown
