date,total_cases,sgtf_unknown,total_sgt,sgtf,non_sgtf,source,region
2021-11-15,21176,8446,12730,9,12721,private,England
2021-11-16,19500,8513,10987,8,10979,private,England
2021-11-17,18947,8493,10454,2,10452,private,England
2021-11-18,18614,7880,10734,5,10729,private,England
2021-11-19,16914,7476,9438,9,9429,private,England
2021-11-20,14923,6539,8384,2,8382,private,England
2021-11-21,14564,6036,8528,9,8519,private,England
2021-11-22,21533,10006,11527,10,11517,private,England
2021-11-23,20720,9241,11479,4,11475,private,England
2021-11-24,19930,9762,10168,6,10162,private,England
2021-11-25,18736,7893,10843,13,10830,private,England
2021-11-26,17198,8469,8729,18,8711,private,England
2021-11-27,14000,7207,6793,8,6785,private,England
2021-11-28,15440,7605,7835,7,7828,private,England
2021-11-29,23748,11497,12251,22,12229,private,England
2021-11-30,23911,11962,11949,35,11914,private,England
2021-12-01,23944,11995,11949,60,11889,private,England
2021-12-02,21699,11336,10363,69,10294,private,England
2021-12-03,19990,10113,9877,94,9783,private,England
2021-12-04,16597,8420,8177,112,8065,private,England
2021-12-05,16131,7604,8527,188,8339,private,England
2021-12-06,25084,14314,10770,433,10337,private,England
2021-12-07,24298,13200,11098,923,10175,private,England
2021-12-08,25446,14241,11205,1419,9786,private,England
2021-12-09,24950,12814,12136,1955,10181,private,England
2021-12-10,22926,8973,13953,2798,11155,private,England
2021-12-11,20622,10354,10268,2185,8083,private,England
2021-12-12,20962,10169,10793,3396,7397,private,England
2021-12-13,35002,18896,16106,6515,9591,private,England
2021-12-14,42498,23119,19379,10792,8587,private,England
2021-12-15,51137,28159,22978,14728,8250,private,England
2021-12-16,49371,25552,23819,16146,7673,private,England
2021-12-17,44374,22855,21519,14968,6551,private,England
2021-12-18,40716,20531,20185,14826,5359,private,England
2021-12-19,38784,19523,19261,14715,4546,private,England
2021-12-20,60171,31549,28622,23067,5555,private,England
2021-12-21,67464,32456,35008,30007,5001,private,England
2021-12-22,72323,32349,39974,35503,4471,private,England
2021-12-23,72814,36889,35925,32143,3782,private,England
2021-12-24,62549,30379,32170,29073,3097,private,England
2021-12-25,25469,10746,14723,13632,1091,private,England
2021-12-26,46222,19859,26363,24600,1763,private,England
2021-12-27,78126,39052,39074,36612,2462,private,England
2021-12-28,81039,41779,39260,37411,1849,private,England
2021-12-29,109930,59079,50851,48344,2507,private,England
2021-12-30,93475,43034,50441,48845,1596,private,England
2021-12-31,73467,33278,40189,39135,1054,private,England
2022-01-01,43512,17500,26012,25348,664,private,England
2022-01-02,75112,32395,42717,41677,1040,private,England
2022-01-03,94610,42158,52452,51341,1111,private,England
2022-01-04,123882,62044,61838,60595,1243,private,England
2022-01-05,92266,39066,53200,52285,915,private,England
2022-01-06,77509,35484,42025,41375,650,private,England
2022-01-07,48781,23337,25444,25031,413,private,England
2022-01-08,34106,17014,17092,16823,269,private,England
2022-01-09,30077,13069,17008,16772,236,private,England
2022-01-10,47324,20239,27085,26673,412,private,England
2022-01-11,35655,15297,20358,20062,296,private,England
2022-01-12,29459,13813,15646,15422,224,private,England
2022-01-13,26689,12111,14578,14359,219,private,England
2022-01-14,22452,10687,11765,11607,158,private,England
2022-01-15,18143,7704,10439,10241,198,private,England
2022-01-16,17789,7099,10690,10454,236,private,England
2022-01-17,30454,14282,16172,15838,334,private,England
2022-01-18,27606,12522,15084,14730,354,private,England
2022-01-19,25947,11136,14811,14403,408,private,England
2022-01-20,23101,10476,12625,12235,390,private,England
2022-01-21,21363,11032,10331,10025,306,private,England
2022-01-22,17721,9562,8159,7833,326,private,England
2022-01-23,17656,9585,8071,7728,343,private,England
2022-01-24,28840,15579,13261,12596,665,private,England
2022-01-25,25924,13667,12257,11506,751,private,England
2022-01-26,25396,13839,11557,10804,753,private,England
2022-01-27,22382,12449,9933,9186,747,private,England
2022-01-28,19486,10552,8934,8177,757,private,England
2022-01-29,15619,8349,7270,6568,702,private,England
2022-01-30,14752,7643,7109,6345,764,private,England
2022-01-31,23140,13156,9984,8907,1077,private,England
2022-02-01,20501,11963,8538,7537,1001,private,England
2022-02-02,19880,11779,8101,7072,1029,private,England
2022-02-03,18034,10861,7173,6214,959,private,England
2022-02-04,14790,9062,5728,4876,852,private,England
2022-02-05,10831,6014,4817,3918,899,private,England
2022-02-06,9453,4862,4591,3742,849,private,England
2022-02-07,16950,9914,7036,5572,1464,private,England
2022-02-08,14574,9026,5548,4316,1232,private,England
2022-02-09,13776,8671,5105,3814,1291,private,England
2022-02-10,11159,6929,4230,3063,1167,private,England
2022-02-11,9215,5675,3540,2572,968,private,England
2022-02-12,6835,4122,2713,1850,863,private,England
2022-02-13,5751,2777,2974,1976,998,private,England
2022-02-14,11064,4836,6228,3933,2295,private,England
2022-02-15,9433,5338,4095,2459,1636,private,England
2022-02-16,9753,5239,4514,2637,1877,private,England
2022-02-17,8700,4600,4100,2355,1745,private,England
2022-02-18,3813,1642,2171,1276,895,private,England
2022-02-19,6863,3694,3169,1543,1626,private,England
2022-02-20,5218,2926,2292,1077,1215,private,England
2022-02-21,8548,4710,3838,1812,2026,private,England
2022-02-22,7179,3839,3340,1543,1797,private,England
2022-02-23,6372,3396,2976,1281,1695,private,England
2022-02-24,5285,2781,2504,935,1569,private,England
2022-02-25,4653,2554,2099,773,1326,private,England
2022-02-26,3654,2031,1623,557,1066,private,England
2022-02-27,3707,2015,1692,495,1197,private,England
2022-02-28,1475,920,555,177,378,private,England
2021-11-15,2447,860,1587,1,1586,private,East of England
2021-11-16,2324,1176,1148,0,1148,private,East of England
2021-11-17,2289,1196,1093,0,1093,private,East of England
2021-11-18,2217,1090,1127,1,1126,private,East of England
2021-11-19,1967,995,972,0,972,private,East of England
2021-11-20,1841,734,1107,1,1106,private,East of England
2021-11-21,1757,624,1133,1,1132,private,East of England
2021-11-22,2636,1383,1253,3,1250,private,East of England
2021-11-23,2565,1246,1319,1,1318,private,East of England
2021-11-24,2445,1245,1200,0,1200,private,East of England
2021-11-25,2291,774,1517,2,1515,private,East of England
2021-11-26,2204,1077,1127,1,1126,private,East of England
2021-11-27,1923,1017,906,0,906,private,East of England
2021-11-28,1998,1057,941,2,939,private,East of England
2021-11-29,2900,1619,1281,0,1281,private,East of England
2021-11-30,3029,1758,1271,2,1269,private,East of England
2021-12-01,2981,1761,1220,5,1215,private,East of England
2021-12-02,2666,1591,1075,7,1068,private,East of England
2021-12-03,2510,1362,1148,12,1136,private,East of England
2021-12-04,2081,700,1381,20,1361,private,East of England
2021-12-05,2026,845,1181,30,1151,private,East of England
2021-12-06,3182,1736,1446,74,1372,private,East of England
2021-12-07,3125,1771,1354,133,1221,private,East of England
2021-12-08,3151,1590,1561,220,1341,private,East of England
2021-12-09,3202,1564,1638,295,1343,private,East of England
2021-12-10,2898,911,1987,393,1594,private,East of England
2021-12-11,2712,1250,1462,362,1100,private,East of England
2021-12-12,2781,1320,1461,504,957,private,East of England
2021-12-13,4468,2598,1870,893,977,private,East of England
2021-12-14,5631,3492,2139,1292,847,private,East of England
2021-12-15,6677,4529,2148,1423,725,private,East of England
2021-12-16,6357,3937,2420,1746,674,private,East of England
2021-12-17,5549,3422,2127,1590,537,private,East of England
2021-12-18,5225,3378,1847,1390,457,private,East of England
2021-12-19,5179,3066,2113,1697,416,private,East of England
2021-12-20,7918,5664,2254,1862,392,private,East of England
2021-12-21,8736,5683,3053,2662,391,private,East of England
2021-12-22,8940,5564,3376,3029,347,private,East of England
2021-12-23,8940,6078,2862,2606,256,private,East of England
2021-12-24,7519,4471,3048,2755,293,private,East of England
2021-12-25,3037,1232,1805,1664,141,private,East of England
2021-12-26,5195,2351,2844,2651,193,private,East of England
2021-12-27,9499,6467,3032,2839,193,private,East of England
2021-12-28,9363,6329,3034,2919,115,private,East of England
2021-12-29,12296,8268,4028,3825,203,private,East of England
2021-12-30,10096,6782,3314,3204,110,private,East of England
2021-12-31,7892,5904,1988,1930,58,private,East of England
2022-01-01,4313,2018,2295,2218,77,private,East of England
2022-01-02,7673,5289,2384,2314,70,private,East of England
2022-01-03,9565,6784,2781,2702,79,private,East of England
2022-01-04,12345,8747,3598,3503,95,private,East of England
2022-01-05,8481,5921,2560,2519,41,private,East of England
2022-01-06,7472,5266,2206,2170,36,private,East of England
2022-01-07,4729,3350,1379,1347,32,private,East of England
2022-01-08,3356,2356,1000,980,20,private,East of England
2022-01-09,2932,2153,779,762,17,private,East of England
2022-01-10,4700,3187,1513,1480,33,private,East of England
2022-01-11,3618,2457,1161,1127,34,private,East of England
2022-01-12,3098,2184,914,897,17,private,East of England
2022-01-13,2806,2020,786,769,17,private,East of England
2022-01-14,2452,1766,686,673,13,private,East of England
2022-01-15,1965,1252,713,692,21,private,East of England
2022-01-16,1967,1185,782,763,19,private,East of England
2022-01-17,3370,1888,1482,1435,47,private,East of England
2022-01-18,3056,1678,1378,1333,45,private,East of England
2022-01-19,3043,1470,1573,1518,55,private,East of England
2022-01-20,2654,1435,1219,1170,49,private,East of England
2022-01-21,2648,1401,1247,1196,51,private,East of England
2022-01-22,2253,1169,1084,1020,64,private,East of England
2022-01-23,2118,946,1172,1096,76,private,East of England
2022-01-24,3456,1620,1836,1710,126,private,East of England
2022-01-25,3040,1388,1652,1504,148,private,East of England
2022-01-26,3019,1461,1558,1431,127,private,East of England
2022-01-27,2762,1497,1265,1146,119,private,East of England
2022-01-28,2379,985,1394,1243,151,private,East of England
2022-01-29,2113,837,1276,1128,148,private,East of England
2022-01-30,1853,619,1234,1093,141,private,East of England
2022-01-31,2800,1169,1631,1404,227,private,East of England
2022-02-01,2661,1314,1347,1151,196,private,East of England
2022-02-02,2523,1300,1223,1026,197,private,East of England
2022-02-03,2259,1250,1009,830,179,private,East of England
2022-02-04,1900,1161,739,606,133,private,East of England
2022-02-05,1405,588,817,639,178,private,East of England
2022-02-06,1184,448,736,561,175,private,East of England
2022-02-07,2093,1214,879,680,199,private,East of England
2022-02-08,1832,1028,804,595,209,private,East of England
2022-02-09,1736,1089,647,448,199,private,East of England
2022-02-10,1392,816,576,385,191,private,East of England
2022-02-11,1200,709,491,332,159,private,East of England
2022-02-12,850,510,340,223,117,private,East of England
2022-02-13,719,214,505,322,183,private,East of England
2022-02-14,1314,281,1033,610,423,private,East of England
2022-02-15,1128,481,647,331,316,private,East of England
2022-02-16,1178,486,692,351,341,private,East of England
2022-02-17,1096,436,660,344,316,private,East of England
2022-02-18,435,230,205,101,104,private,East of England
2022-02-19,1049,434,615,279,336,private,East of England
2022-02-20,724,308,416,185,231,private,East of England
2022-02-21,1008,433,575,247,328,private,East of England
2022-02-22,969,368,601,254,347,private,East of England
2022-02-23,808,333,475,198,277,private,East of England
2022-02-24,703,305,398,135,263,private,East of England
2022-02-25,582,256,326,105,221,private,East of England
2022-02-26,444,181,263,75,188,private,East of England
2022-02-27,434,188,246,66,180,private,East of England
2022-02-28,202,104,98,20,78,private,East of England
2021-11-15,2465,1568,897,0,897,private,London
2021-11-16,2163,1284,879,5,874,private,London
2021-11-17,2154,1251,903,0,903,private,London
2021-11-18,2200,1177,1023,1,1022,private,London
2021-11-19,1898,1169,729,2,727,private,London
2021-11-20,1738,1028,710,0,710,private,London
2021-11-21,1647,936,711,0,711,private,London
2021-11-22,2586,1672,914,2,912,private,London
2021-11-23,2464,1590,874,1,873,private,London
2021-11-24,2570,1735,835,1,834,private,London
2021-11-25,2432,1491,941,2,939,private,London
2021-11-26,2240,1392,848,6,842,private,London
2021-11-27,2046,1301,745,4,741,private,London
2021-11-28,1754,1196,558,2,556,private,London
2021-11-29,3190,2062,1128,1,1127,private,London
2021-11-30,3195,2294,901,12,889,private,London
2021-12-01,3379,2495,884,14,870,private,London
2021-12-02,3129,2294,835,23,812,private,London
2021-12-03,2951,2123,828,28,800,private,London
2021-12-04,2465,1413,1052,54,998,private,London
2021-12-05,2347,1517,830,84,746,private,London
2021-12-06,3795,2424,1371,179,1192,private,London
2021-12-07,4220,2844,1376,341,1035,private,London
2021-12-08,4756,3114,1642,557,1085,private,London
2021-12-09,4951,2965,1986,807,1179,private,London
2021-12-10,4852,2419,2433,1089,1344,private,London
2021-12-11,4398,3448,950,496,454,private,London
2021-12-12,4873,3076,1797,1064,733,private,London
2021-12-13,9048,6157,2891,2034,857,private,London
2021-12-14,12027,7914,4113,3246,867,private,London
2021-12-15,13966,9475,4491,3739,752,private,London
2021-12-16,14616,9162,5454,4679,775,private,London
2021-12-17,13081,8804,4277,3736,541,private,London
2021-12-18,12037,7697,4340,3851,489,private,London
2021-12-19,10228,7079,3149,2799,350,private,London
2021-12-20,15526,10072,5454,4918,536,private,London
2021-12-21,16887,10135,6752,6211,541,private,London
2021-12-22,15486,9029,6457,6001,456,private,London
2021-12-23,15240,9391,5849,5507,342,private,London
2021-12-24,11443,7447,3996,3810,186,private,London
2021-12-25,3957,2475,1482,1432,50,private,London
2021-12-26,8018,4263,3755,3624,131,private,London
2021-12-27,12969,8707,4262,4082,180,private,London
2021-12-28,12377,8462,3915,3776,139,private,London
2021-12-29,17997,9811,8186,7920,266,private,London
2021-12-30,13259,8272,4987,4854,133,private,London
2021-12-31,9768,6005,3763,3681,82,private,London
2022-01-01,5502,3478,2024,1980,44,private,London
2022-01-02,10412,7110,3302,3230,72,private,London
2022-01-03,12302,8791,3511,3459,52,private,London
2022-01-04,15011,10087,4924,4825,99,private,London
2022-01-05,10551,7109,3442,3382,60,private,London
2022-01-06,10407,6993,3414,3350,64,private,London
2022-01-07,6181,3894,2287,2250,37,private,London
2022-01-08,4535,3135,1400,1370,30,private,London
2022-01-09,4004,2641,1363,1322,41,private,London
2022-01-10,6340,3896,2444,2377,67,private,London
2022-01-11,4961,3207,1754,1710,44,private,London
2022-01-12,4312,3015,1297,1254,43,private,London
2022-01-13,3998,2618,1380,1342,38,private,London
2022-01-14,3418,2366,1052,1017,35,private,London
2022-01-15,2671,1694,977,938,39,private,London
2022-01-16,2578,1471,1107,1044,63,private,London
2022-01-17,4179,2709,1470,1404,66,private,London
2022-01-18,3960,2518,1442,1347,95,private,London
2022-01-19,3621,1974,1647,1546,101,private,London
2022-01-20,3431,1995,1436,1343,93,private,London
2022-01-21,3162,1894,1268,1181,87,private,London
2022-01-22,2660,1630,1030,943,87,private,London
2022-01-23,2498,1621,877,802,75,private,London
2022-01-24,4162,2592,1570,1382,188,private,London
2022-01-25,3887,2036,1851,1632,219,private,London
2022-01-26,3944,2217,1727,1513,214,private,London
2022-01-27,3497,2057,1440,1223,217,private,London
2022-01-28,3162,1790,1372,1158,214,private,London
2022-01-29,2445,1338,1107,900,207,private,London
2022-01-30,2174,1133,1041,848,193,private,London
2022-01-31,3389,2176,1213,956,257,private,London
2022-02-01,3166,2019,1147,869,278,private,London
2022-02-02,3189,2060,1129,847,282,private,London
2022-02-03,2862,1948,914,698,216,private,London
2022-02-04,2392,1555,837,608,229,private,London
2022-02-05,1774,1002,772,520,252,private,London
2022-02-06,1557,1083,474,328,146,private,London
2022-02-07,2652,1481,1171,737,434,private,London
2022-02-08,2277,1482,795,497,298,private,London
2022-02-09,2243,1432,811,486,325,private,London
2022-02-10,1942,1223,719,422,297,private,London
2022-02-11,1559,907,652,384,268,private,London
2022-02-12,1191,695,496,283,213,private,London
2022-02-13,918,568,350,161,189,private,London
2022-02-14,1739,676,1063,540,523,private,London
2022-02-15,1531,691,840,403,437,private,London
2022-02-16,1721,759,962,461,501,private,London
2022-02-17,1528,616,912,450,462,private,London
2022-02-18,313,77,236,97,139,private,London
2022-02-19,1384,484,900,384,516,private,London
2022-02-20,1010,498,512,185,327,private,London
2022-02-21,1514,620,894,308,586,private,London
2022-02-22,1337,565,772,249,523,private,London
2022-02-23,1176,460,716,226,490,private,London
2022-02-24,994,367,627,176,451,private,London
2022-02-25,884,346,538,147,391,private,London
2022-02-26,690,312,378,98,280,private,London
2022-02-27,619,303,316,74,242,private,London
2022-02-28,242,240,2,1,1,private,London
2021-11-15,4034,1466,2568,3,2565,private,Midlands
2021-11-16,3878,1203,2675,0,2675,private,Midlands
2021-11-17,3638,1418,2220,1,2219,private,Midlands
2021-11-18,3471,1138,2333,0,2333,private,Midlands
2021-11-19,3290,785,2505,4,2501,private,Midlands
2021-11-20,2893,689,2204,1,2203,private,Midlands
2021-11-21,2783,449,2334,4,2330,private,Midlands
2021-11-22,4097,1045,3052,1,3051,private,Midlands
2021-11-23,3785,1035,2750,1,2749,private,Midlands
2021-11-24,3686,1543,2143,3,2140,private,Midlands
2021-11-25,3512,1210,2302,2,2300,private,Midlands
2021-11-26,3169,1489,1680,7,1673,private,Midlands
2021-11-27,2377,1185,1192,1,1191,private,Midlands
2021-11-28,2913,1355,1558,1,1557,private,Midlands
2021-11-29,4232,1446,2786,11,2775,private,Midlands
2021-11-30,4342,1734,2608,7,2601,private,Midlands
2021-12-01,4255,1714,2541,11,2530,private,Midlands
2021-12-02,4003,1781,2222,10,2212,private,Midlands
2021-12-03,3633,1918,1715,9,1706,private,Midlands
2021-12-04,3143,1617,1526,9,1517,private,Midlands
2021-12-05,3021,1345,1676,13,1663,private,Midlands
2021-12-06,4606,2768,1838,35,1803,private,Midlands
2021-12-07,4325,2110,2215,108,2107,private,Midlands
2021-12-08,4455,2645,1810,123,1687,private,Midlands
2021-12-09,4407,2021,2386,229,2157,private,Midlands
2021-12-10,3932,895,3037,407,2630,private,Midlands
2021-12-11,3452,809,2643,446,2197,private,Midlands
2021-12-12,3305,1165,2140,510,1630,private,Midlands
2021-12-13,5369,1940,3429,1163,2266,private,Midlands
2021-12-14,5948,2073,3875,1908,1967,private,Midlands
2021-12-15,7841,2977,4864,2961,1903,private,Midlands
2021-12-16,7121,2599,4522,2836,1686,private,Midlands
2021-12-17,6462,1764,4698,3084,1614,private,Midlands
2021-12-18,5727,1232,4495,3105,1390,private,Midlands
2021-12-19,5690,1262,4428,3253,1175,private,Midlands
2021-12-20,9126,2797,6329,4974,1355,private,Midlands
2021-12-21,10452,3736,6716,5707,1009,private,Midlands
2021-12-22,11762,4071,7691,6739,952,private,Midlands
2021-12-23,12476,5383,7093,6251,842,private,Midlands
2021-12-24,10954,4352,6602,5902,700,private,Midlands
2021-12-25,4755,2476,2279,2088,191,private,Midlands
2021-12-26,8341,4317,4024,3714,310,private,Midlands
2021-12-27,14816,7550,7266,6812,454,private,Midlands
2021-12-28,15652,9432,6220,5939,281,private,Midlands
2021-12-29,20788,14275,6513,6148,365,private,Midlands
2021-12-30,18054,9800,8254,7956,298,private,Midlands
2021-12-31,13660,6723,6937,6757,180,private,Midlands
2022-01-01,8566,4515,4051,3942,109,private,Midlands
2022-01-02,14444,5876,8568,8348,220,private,Midlands
2022-01-03,18376,8559,9817,9598,219,private,Midlands
2022-01-04,24221,14595,9626,9490,136,private,Midlands
2022-01-05,18639,9230,9409,9248,161,private,Midlands
2022-01-06,16421,8160,8261,8143,118,private,Midlands
2022-01-07,10172,5172,5000,4933,67,private,Midlands
2022-01-08,7031,3304,3727,3674,53,private,Midlands
2022-01-09,6218,2550,3668,3619,49,private,Midlands
2022-01-10,9692,4357,5335,5260,75,private,Midlands
2022-01-11,7378,3247,4131,4070,61,private,Midlands
2022-01-12,6032,2887,3145,3119,26,private,Midlands
2022-01-13,5531,2606,2925,2892,33,private,Midlands
2022-01-14,4613,2075,2538,2511,27,private,Midlands
2022-01-15,3811,1496,2315,2277,38,private,Midlands
2022-01-16,3572,1387,2185,2138,47,private,Midlands
2022-01-17,6321,2922,3399,3336,63,private,Midlands
2022-01-18,5626,2543,3083,3024,59,private,Midlands
2022-01-19,5314,2362,2952,2900,52,private,Midlands
2022-01-20,4796,2087,2709,2646,63,private,Midlands
2022-01-21,4311,2448,1863,1819,44,private,Midlands
2022-01-22,3478,2149,1329,1285,44,private,Midlands
2022-01-23,3560,2239,1321,1274,47,private,Midlands
2022-01-24,5691,3395,2296,2216,80,private,Midlands
2022-01-25,5043,3211,1832,1741,91,private,Midlands
2022-01-26,4908,2990,1918,1832,86,private,Midlands
2022-01-27,4205,2740,1465,1360,105,private,Midlands
2022-01-28,3667,2263,1404,1317,87,private,Midlands
2022-01-29,2966,1916,1050,966,84,private,Midlands
2022-01-30,2685,1748,937,842,95,private,Midlands
2022-01-31,4215,2700,1515,1378,137,private,Midlands
2022-02-01,3780,2441,1339,1213,126,private,Midlands
2022-02-02,3589,2377,1212,1082,130,private,Midlands
2022-02-03,3205,2047,1158,1013,145,private,Midlands
2022-02-04,2591,1665,926,814,112,private,Midlands
2022-02-05,1892,1289,603,491,112,private,Midlands
2022-02-06,1651,486,1165,981,184,private,Midlands
2022-02-07,2970,1775,1195,991,204,private,Midlands
2022-02-08,2565,1747,818,642,176,private,Midlands
2022-02-09,2411,1758,653,498,155,private,Midlands
2022-02-10,1826,1337,489,370,119,private,Midlands
2022-02-11,1572,1175,397,317,80,private,Midlands
2022-02-12,1134,782,352,231,121,private,Midlands
2022-02-13,980,239,741,514,227,private,Midlands
2022-02-14,1852,691,1161,811,350,private,Midlands
2022-02-15,1503,1105,398,239,159,private,Midlands
2022-02-16,1570,1102,468,291,177,private,Midlands
2022-02-17,1383,943,440,262,178,private,Midlands
2022-02-18,1086,782,304,175,129,private,Midlands
2022-02-19,938,696,242,131,111,private,Midlands
2022-02-20,803,593,210,108,102,private,Midlands
2022-02-21,1377,963,414,216,198,private,Midlands
2022-02-22,1069,782,287,163,124,private,Midlands
2022-02-23,1037,735,302,132,170,private,Midlands
2022-02-24,809,547,262,104,158,private,Midlands
2022-02-25,751,552,199,83,116,private,Midlands
2022-02-26,576,417,159,56,103,private,Midlands
2022-02-27,616,445,171,56,115,private,Midlands
2022-02-28,301,164,137,44,93,private,Midlands
2021-11-15,3091,417,2674,0,2674,private,North East and Yorkshire
2021-11-16,2796,362,2434,1,2433,private,North East and Yorkshire
2021-11-17,2802,221,2581,0,2581,private,North East and Yorkshire
2021-11-18,2718,181,2537,3,2534,private,North East and Yorkshire
2021-11-19,2422,172,2250,0,2250,private,North East and Yorkshire
2021-11-20,1978,133,1845,0,1845,private,North East and Yorkshire
2021-11-21,1971,171,1800,0,1800,private,North East and Yorkshire
2021-11-22,2876,262,2614,1,2613,private,North East and Yorkshire
2021-11-23,2761,280,2481,1,2480,private,North East and Yorkshire
2021-11-24,2636,237,2399,2,2397,private,North East and Yorkshire
2021-11-25,2492,221,2271,1,2270,private,North East and Yorkshire
2021-11-26,2218,202,2016,1,2015,private,North East and Yorkshire
2021-11-27,1406,114,1292,0,1292,private,North East and Yorkshire
2021-11-28,2013,117,1896,1,1895,private,North East and Yorkshire
2021-11-29,3030,220,2810,1,2809,private,North East and Yorkshire
2021-11-30,3061,257,2804,3,2801,private,North East and Yorkshire
2021-12-01,2990,227,2763,6,2757,private,North East and Yorkshire
2021-12-02,2617,184,2433,4,2429,private,North East and Yorkshire
2021-12-03,2355,210,2145,6,2139,private,North East and Yorkshire
2021-12-04,1955,226,1729,1,1728,private,North East and Yorkshire
2021-12-05,1949,171,1778,10,1768,private,North East and Yorkshire
2021-12-06,2939,299,2640,15,2625,private,North East and Yorkshire
2021-12-07,2756,320,2436,37,2399,private,North East and Yorkshire
2021-12-08,2925,318,2607,82,2525,private,North East and Yorkshire
2021-12-09,2699,271,2428,112,2316,private,North East and Yorkshire
2021-12-10,2350,252,2098,122,1976,private,North East and Yorkshire
2021-12-11,2153,216,1937,165,1772,private,North East and Yorkshire
2021-12-12,2210,494,1716,247,1469,private,North East and Yorkshire
2021-12-13,3394,279,3115,668,2447,private,North East and Yorkshire
2021-12-14,3788,323,3465,1306,2159,private,North East and Yorkshire
2021-12-15,4736,339,4397,2135,2262,private,North East and Yorkshire
2021-12-16,4297,304,3993,2030,1963,private,North East and Yorkshire
2021-12-17,3863,346,3517,1925,1592,private,North East and Yorkshire
2021-12-18,3654,319,3335,2021,1314,private,North East and Yorkshire
2021-12-19,3757,349,3408,2237,1171,private,North East and Yorkshire
2021-12-20,5939,476,5463,3910,1553,private,North East and Yorkshire
2021-12-21,7134,619,6515,5157,1358,private,North East and Yorkshire
2021-12-22,8736,1482,7254,6112,1142,private,North East and Yorkshire
2021-12-23,9078,1928,7150,6089,1061,private,North East and Yorkshire
2021-12-24,8417,2205,6212,5405,807,private,North East and Yorkshire
2021-12-25,3651,155,3496,3175,321,private,North East and Yorkshire
2021-12-26,7109,347,6762,6160,602,private,North East and Yorkshire
2021-12-27,11109,779,10330,9540,790,private,North East and Yorkshire
2021-12-28,13229,957,12272,11560,712,private,North East and Yorkshire
2021-12-29,17844,2357,15487,14600,887,private,North East and Yorkshire
2021-12-30,16230,1173,15057,14563,494,private,North East and Yorkshire
2021-12-31,14043,2118,11925,11574,351,private,North East and Yorkshire
2022-01-01,8344,424,7920,7737,183,private,North East and Yorkshire
2022-01-02,14311,946,13365,13017,348,private,North East and Yorkshire
2022-01-03,19849,1414,18435,18041,394,private,North East and Yorkshire
2022-01-04,25504,2997,22507,22014,493,private,North East and Yorkshire
2022-01-05,21163,1413,19750,19404,346,private,North East and Yorkshire
2022-01-06,16219,1223,14996,14761,235,private,North East and Yorkshire
2022-01-07,11018,2319,8699,8561,138,private,North East and Yorkshire
2022-01-08,7266,1809,5457,5390,67,private,North East and Yorkshire
2022-01-09,6485,638,5847,5801,46,private,North East and Yorkshire
2022-01-10,9845,829,9016,8907,109,private,North East and Yorkshire
2022-01-11,7457,607,6850,6784,66,private,North East and Yorkshire
2022-01-12,6043,457,5586,5528,58,private,North East and Yorkshire
2022-01-13,5437,411,5026,4965,61,private,North East and Yorkshire
2022-01-14,4490,389,4101,4068,33,private,North East and Yorkshire
2022-01-15,3459,284,3175,3139,36,private,North East and Yorkshire
2022-01-16,3419,286,3133,3101,32,private,North East and Yorkshire
2022-01-17,5652,560,5092,5035,57,private,North East and Yorkshire
2022-01-18,5056,448,4608,4564,44,private,North East and Yorkshire
2022-01-19,4583,378,4205,4152,53,private,North East and Yorkshire
2022-01-20,3848,393,3455,3410,45,private,North East and Yorkshire
2022-01-21,3487,365,3122,3082,40,private,North East and Yorkshire
2022-01-22,2819,317,2502,2455,47,private,North East and Yorkshire
2022-01-23,2852,375,2477,2434,43,private,North East and Yorkshire
2022-01-24,4464,589,3875,3786,89,private,North East and Yorkshire
2022-01-25,3975,565,3410,3315,95,private,North East and Yorkshire
2022-01-26,3774,480,3294,3185,109,private,North East and Yorkshire
2022-01-27,3340,416,2924,2819,105,private,North East and Yorkshire
2022-01-28,2627,328,2299,2212,87,private,North East and Yorkshire
2022-01-29,1878,158,1720,1669,51,private,North East and Yorkshire
2022-01-30,2035,320,1715,1651,64,private,North East and Yorkshire
2022-01-31,3224,448,2776,2615,161,private,North East and Yorkshire
2022-02-01,2684,287,2397,2270,127,private,North East and Yorkshire
2022-02-02,2593,271,2322,2172,150,private,North East and Yorkshire
2022-02-03,2341,259,2082,1943,139,private,North East and Yorkshire
2022-02-04,1913,228,1685,1534,151,private,North East and Yorkshire
2022-02-05,1433,154,1279,1166,113,private,North East and Yorkshire
2022-02-06,1182,125,1057,945,112,private,North East and Yorkshire
2022-02-07,2112,307,1805,1597,208,private,North East and Yorkshire
2022-02-08,1775,243,1532,1339,193,private,North East and Yorkshire
2022-02-09,1669,213,1456,1239,217,private,North East and Yorkshire
2022-02-10,1364,165,1199,991,208,private,North East and Yorkshire
2022-02-11,1093,127,966,808,158,private,North East and Yorkshire
2022-02-12,825,72,753,600,153,private,North East and Yorkshire
2022-02-13,754,93,661,504,157,private,North East and Yorkshire
2022-02-14,1380,178,1202,898,304,private,North East and Yorkshire
2022-02-15,1146,144,1002,741,261,private,North East and Yorkshire
2022-02-16,1185,81,1104,802,302,private,North East and Yorkshire
2022-02-17,1057,99,958,673,285,private,North East and Yorkshire
2022-02-18,823,50,773,530,243,private,North East and Yorkshire
2022-02-19,573,50,523,349,174,private,North East and Yorkshire
2022-02-20,539,38,501,295,206,private,North East and Yorkshire
2022-02-21,961,76,885,541,344,private,North East and Yorkshire
2022-02-22,778,62,716,434,282,private,North East and Yorkshire
2022-02-23,717,70,647,359,288,private,North East and Yorkshire
2022-02-24,606,58,548,267,281,private,North East and Yorkshire
2022-02-25,468,43,425,207,218,private,North East and Yorkshire
2022-02-26,385,33,352,155,197,private,North East and Yorkshire
2022-02-27,506,74,432,159,273,private,North East and Yorkshire
2022-02-28,137,40,97,49,48,private,North East and Yorkshire
2021-11-15,2628,202,2426,1,2425,private,North West
2021-11-16,2413,246,2167,0,2167,private,North West
2021-11-17,2350,257,2093,0,2093,private,North West
2021-11-18,2301,232,2069,0,2069,private,North West
2021-11-19,2060,218,1842,0,1842,private,North West
2021-11-20,1799,211,1588,0,1588,private,North West
2021-11-21,1703,187,1516,0,1516,private,North West
2021-11-22,2549,314,2235,0,2235,private,North West
2021-11-23,2456,268,2188,0,2188,private,North West
2021-11-24,2261,268,1993,0,1993,private,North West
2021-11-25,2107,231,1876,0,1876,private,North West
2021-11-26,1931,192,1739,1,1738,private,North West
2021-11-27,1491,122,1369,1,1368,private,North West
2021-11-28,1795,150,1645,1,1644,private,North West
2021-11-29,2557,219,2338,1,2337,private,North West
2021-11-30,2731,251,2480,7,2473,private,North West
2021-12-01,2789,270,2519,12,2507,private,North West
2021-12-02,2456,227,2229,20,2209,private,North West
2021-12-03,2282,209,2073,25,2048,private,North West
2021-12-04,1715,1110,605,6,599,private,North West
2021-12-05,1922,201,1721,26,1695,private,North West
2021-12-06,3134,1418,1716,66,1650,private,North West
2021-12-07,2726,813,1913,147,1766,private,North West
2021-12-08,2967,1391,1576,192,1384,private,North West
2021-12-09,2758,1184,1574,220,1354,private,North West
2021-12-10,2494,201,2293,419,1874,private,North West
2021-12-11,2237,170,2067,437,1630,private,North West
2021-12-12,2263,183,2080,606,1474,private,North West
2021-12-13,3862,1430,2432,889,1543,private,North West
2021-12-14,4689,1484,3205,1643,1562,private,North West
2021-12-15,5937,1886,4051,2611,1440,private,North West
2021-12-16,5737,1820,3917,2579,1338,private,North West
2021-12-17,5099,1557,3542,2401,1141,private,North West
2021-12-18,4742,1297,3445,2525,920,private,North West
2021-12-19,4898,1382,3516,2743,773,private,North West
2021-12-20,8294,2600,5694,4693,1001,private,North West
2021-12-21,9974,2915,7059,6162,897,private,North West
2021-12-22,11990,1426,10564,9611,953,private,North West
2021-12-23,11714,2809,8905,8133,772,private,North West
2021-12-24,10721,2625,8096,7469,627,private,North West
2021-12-25,4434,201,4233,3981,252,private,North West
2021-12-26,7737,547,7190,6807,383,private,North West
2021-12-27,14254,4060,10194,9632,562,private,North West
2021-12-28,14752,5078,9674,9289,385,private,North West
2021-12-29,19562,9232,10330,9849,481,private,North West
2021-12-30,16748,3033,13715,13346,369,private,North West
2021-12-31,13270,1490,11780,11534,246,private,North West
2022-01-01,7985,516,7469,7302,167,private,North West
2022-01-02,13783,2132,11651,11436,215,private,North West
2022-01-03,16557,2695,13862,13611,251,private,North West
2022-01-04,21550,5897,15653,15387,266,private,North West
2022-01-05,16667,2717,13950,13742,208,private,North West
2022-01-06,12464,2915,9549,9439,110,private,North West
2022-01-07,7401,1733,5668,5584,84,private,North West
2022-01-08,5272,1357,3915,3861,54,private,North West
2022-01-09,4612,615,3997,3940,57,private,North West
2022-01-10,7252,715,6537,6455,82,private,North West
2022-01-11,5074,498,4576,4520,56,private,North West
2022-01-12,4140,446,3694,3644,50,private,North West
2022-01-13,3690,357,3333,3299,34,private,North West
2022-01-14,2847,287,2560,2536,24,private,North West
2022-01-15,2438,244,2194,2165,29,private,North West
2022-01-16,2445,249,2196,2166,30,private,North West
2022-01-17,4026,479,3547,3494,53,private,North West
2022-01-18,3603,363,3240,3185,55,private,North West
2022-01-19,3409,392,3017,2949,68,private,North West
2022-01-20,2759,276,2483,2431,52,private,North West
2022-01-21,2457,260,2197,2153,44,private,North West
2022-01-22,1970,214,1756,1705,51,private,North West
2022-01-23,2015,246,1769,1716,53,private,North West
2022-01-24,3299,436,2863,2753,110,private,North West
2022-01-25,2914,339,2575,2466,109,private,North West
2022-01-26,2606,349,2257,2132,125,private,North West
2022-01-27,2399,318,2081,1972,109,private,North West
2022-01-28,2030,281,1749,1649,100,private,North West
2022-01-29,1546,178,1368,1274,94,private,North West
2022-01-30,1606,233,1373,1260,113,private,North West
2022-01-31,2382,319,2063,1891,172,private,North West
2022-02-01,1970,245,1725,1561,164,private,North West
2022-02-02,1964,287,1677,1493,184,private,North West
2022-02-03,1811,232,1579,1397,182,private,North West
2022-02-04,1365,196,1169,1020,149,private,North West
2022-02-05,1024,150,874,766,108,private,North West
2022-02-06,966,131,835,683,152,private,North West
2022-02-07,1619,222,1397,1151,246,private,North West
2022-02-08,1393,185,1208,988,220,private,North West
2022-02-09,1281,144,1137,886,251,private,North West
2022-02-10,1059,121,938,697,241,private,North West
2022-02-11,828,90,738,536,202,private,North West
2022-02-12,613,78,535,362,173,private,North West
2022-02-13,562,67,495,340,155,private,North West
2022-02-14,1040,88,952,639,313,private,North West
2022-02-15,892,95,797,518,279,private,North West
2022-02-16,896,79,817,522,295,private,North West
2022-02-17,793,69,724,435,289,private,North West
2022-02-18,589,38,551,324,227,private,North West
2022-02-19,541,51,490,240,250,private,North West
2022-02-20,462,40,422,204,218,private,North West
2022-02-21,768,66,702,362,340,private,North West
2022-02-22,674,54,620,311,309,private,North West
2022-02-23,629,59,570,271,299,private,North West
2022-02-24,487,50,437,185,252,private,North West
2022-02-25,458,46,412,168,244,private,North West
2022-02-26,357,35,322,128,194,private,North West
2022-02-27,402,48,354,96,258,private,North West
2022-02-28,180,16,164,56,108,private,North West
2021-11-15,3885,2055,1830,4,1826,private,South East
2021-11-16,3509,2137,1372,2,1370,private,South East
2021-11-17,3476,2177,1299,1,1298,private,South East
2021-11-18,3550,2225,1325,0,1325,private,South East
2021-11-19,3280,2329,951,3,948,private,South East
2021-11-20,2878,2129,749,0,749,private,South East
2021-11-21,2939,2064,875,4,871,private,South East
2021-11-22,4285,3091,1194,3,1191,private,South East
2021-11-23,4281,2960,1321,0,1321,private,South East
2021-11-24,4028,2910,1118,0,1118,private,South East
2021-11-25,3736,2390,1346,5,1341,private,South East
2021-11-26,3362,2476,886,2,884,private,South East
2021-11-27,3062,2221,841,2,839,private,South East
2021-11-28,3068,2227,841,0,841,private,South East
2021-11-29,4898,3608,1290,6,1284,private,South East
2021-11-30,4817,3544,1273,1,1272,private,South East
2021-12-01,4863,3467,1396,10,1386,private,South East
2021-12-02,4329,3261,1068,4,1064,private,South East
2021-12-03,4030,2725,1305,8,1297,private,South East
2021-12-04,3324,2123,1201,14,1187,private,South East
2021-12-05,3069,2180,889,18,871,private,South East
2021-12-06,4697,3391,1306,51,1255,private,South East
2021-12-07,4658,3167,1491,142,1349,private,South East
2021-12-08,4716,3146,1570,204,1366,private,South East
2021-12-09,4509,2856,1653,251,1402,private,South East
2021-12-10,4259,2759,1500,284,1216,private,South East
2021-12-11,3860,2920,940,235,705,private,South East
2021-12-12,3729,2645,1084,352,732,private,South East
2021-12-13,6008,4193,1815,708,1107,private,South East
2021-12-14,7256,5285,1971,1096,875,private,South East
2021-12-15,8310,5938,2372,1493,879,private,South East
2021-12-16,7929,5406,2523,1695,828,private,South East
2021-12-17,7356,5005,2351,1600,751,private,South East
2021-12-18,6581,4768,1813,1331,482,private,South East
2021-12-19,6332,4600,1732,1310,422,private,South East
2021-12-20,9484,7275,2209,1739,470,private,South East
2021-12-21,10113,6815,3298,2731,567,private,South East
2021-12-22,10453,7424,3029,2613,416,private,South East
2021-12-23,10380,7428,2952,2590,362,private,South East
2021-12-24,8982,6174,2808,2507,301,private,South East
2021-12-25,3702,2540,1162,1048,114,private,South East
2021-12-26,5952,4334,1618,1489,129,private,South East
2021-12-27,10343,7665,2678,2483,195,private,South East
2021-12-28,10140,7227,2913,2774,139,private,South East
2021-12-29,14640,9919,4721,4493,228,private,South East
2021-12-30,12044,8719,3325,3202,123,private,South East
2021-12-31,8816,5601,3215,3110,105,private,South East
2022-01-01,5382,3547,1835,1766,69,private,South East
2022-01-02,8341,6153,2188,2115,73,private,South East
2022-01-03,10955,8189,2766,2686,80,private,South East
2022-01-04,16127,12125,4002,3886,116,private,South East
2022-01-05,10717,8028,2689,2626,63,private,South East
2022-01-06,8886,6557,2329,2262,67,private,South East
2022-01-07,5786,4087,1699,1659,40,private,South East
2022-01-08,4040,2979,1061,1030,31,private,South East
2022-01-09,3531,2741,790,774,16,private,South East
2022-01-10,5942,4521,1421,1390,31,private,South East
2022-01-11,4461,3267,1194,1169,25,private,South East
2022-01-12,3706,3046,660,637,23,private,South East
2022-01-13,3355,2628,727,702,25,private,South East
2022-01-14,2946,2374,572,555,17,private,South East
2022-01-15,2422,1684,738,709,29,private,South East
2022-01-16,2386,1587,799,769,30,private,South East
2022-01-17,4438,3668,770,736,34,private,South East
2022-01-18,4076,3161,915,873,42,private,South East
2022-01-19,3753,2784,969,909,60,private,South East
2022-01-20,3607,2706,901,837,64,private,South East
2022-01-21,3360,2764,596,561,35,private,South East
2022-01-22,2910,2477,433,402,31,private,South East
2022-01-23,3008,2567,441,393,48,private,South East
2022-01-24,4919,4143,776,706,70,private,South East
2022-01-25,4500,3608,892,807,85,private,South East
2022-01-26,4593,3830,763,677,86,private,South East
2022-01-27,3987,3245,742,652,90,private,South East
2022-01-28,3642,2965,677,564,113,private,South East
2022-01-29,2985,2254,731,615,116,private,South East
2022-01-30,2817,2032,785,628,157,private,South East
2022-01-31,4488,3743,745,628,117,private,South East
2022-02-01,3949,3410,539,440,99,private,South East
2022-02-02,3806,3307,499,418,81,private,South East
2022-02-03,3499,3106,393,303,90,private,South East
2022-02-04,2896,2558,338,267,71,private,South East
2022-02-05,2095,1644,451,317,134,private,South East
2022-02-06,1824,1519,305,231,74,private,South East
2022-02-07,3412,2863,549,389,160,private,South East
2022-02-08,2910,2548,362,233,129,private,South East
2022-02-09,2660,2292,368,233,135,private,South East
2022-02-10,2152,1865,287,181,106,private,South East
2022-02-11,1852,1569,283,189,94,private,South East
2022-02-12,1328,1101,227,143,84,private,South East
2022-02-13,1080,877,203,122,81,private,South East
2022-02-14,2237,1755,482,255,227,private,South East
2022-02-15,1876,1490,386,213,173,private,South East
2022-02-16,1965,1520,445,195,250,private,South East
2022-02-17,1750,1371,379,179,200,private,South East
2022-02-18,302,209,93,42,51,private,South East
2022-02-19,1480,1093,387,154,233,private,South East
2022-02-20,999,779,220,96,124,private,South East
2022-02-21,1871,1517,354,131,223,private,South East
2022-02-22,1468,1153,315,120,195,private,South East
2022-02-23,1189,939,250,91,159,private,South East
2022-02-24,956,738,218,63,155,private,South East
2022-02-25,942,752,190,57,133,private,South East
2022-02-26,691,548,143,41,102,private,South East
2022-02-27,665,496,169,44,125,private,South East
2022-02-28,237,183,54,7,47,private,South East
2021-11-15,2608,1871,737,0,737,private,South West
2021-11-16,2404,2097,307,0,307,private,South West
2021-11-17,2217,1962,255,0,255,private,South West
2021-11-18,2142,1832,310,0,310,private,South West
2021-11-19,1973,1795,178,0,178,private,South West
2021-11-20,1783,1609,174,0,174,private,South West
2021-11-21,1756,1602,154,0,154,private,South West
2021-11-22,2480,2228,252,0,252,private,South West
2021-11-23,2390,1850,540,0,540,private,South West
2021-11-24,2285,1816,469,0,469,private,South West
2021-11-25,2150,1568,582,1,581,private,South West
2021-11-26,2063,1638,425,0,425,private,South West
2021-11-27,1679,1239,440,0,440,private,South West
2021-11-28,1883,1496,387,0,387,private,South West
2021-11-29,2910,2309,601,2,599,private,South West
2021-11-30,2708,2106,602,3,599,private,South West
2021-12-01,2664,2048,616,2,614,private,South West
2021-12-02,2482,1990,492,1,491,private,South West
2021-12-03,2210,1553,657,6,651,private,South West
2021-12-04,1901,1227,674,8,666,private,South West
2021-12-05,1786,1340,446,6,440,private,South West
2021-12-06,2713,2274,439,12,427,private,South West
2021-12-07,2461,2159,302,15,287,private,South West
2021-12-08,2434,2008,426,37,389,private,South West
2021-12-09,2398,1938,460,38,422,private,South West
2021-12-10,2118,1524,594,82,512,private,South West
2021-12-11,1784,1524,260,41,219,private,South West
2021-12-12,1776,1277,499,111,388,private,South West
2021-12-13,2807,2270,537,152,385,private,South West
2021-12-14,3100,2514,586,285,301,private,South West
2021-12-15,3601,2975,626,347,279,private,South West
2021-12-16,3245,2287,958,566,392,private,South West
2021-12-17,2916,1934,982,615,367,private,South West
2021-12-18,2697,1813,884,582,302,private,South West
2021-12-19,2654,1768,886,652,234,private,South West
2021-12-20,3806,2623,1183,942,241,private,South West
2021-12-21,4098,2516,1582,1347,235,private,South West
2021-12-22,4869,3312,1557,1355,202,private,South West
2021-12-23,4902,3823,1079,939,140,private,South West
2021-12-24,4454,3078,1376,1196,180,private,South West
2021-12-25,1893,1658,235,214,21,private,South West
2021-12-26,3808,3673,135,123,12,private,South West
2021-12-27,5059,3783,1276,1190,86,private,South West
2021-12-28,5418,4249,1169,1093,76,private,South West
2021-12-29,6690,5164,1526,1450,76,private,South West
2021-12-30,6931,5213,1718,1651,67,private,South West
2021-12-31,5939,5401,538,509,29,private,South West
2022-01-01,3364,2981,383,368,15,private,South West
2022-01-02,6075,4862,1213,1173,40,private,South West
2022-01-03,6900,5674,1226,1190,36,private,South West
2022-01-04,8968,7531,1437,1401,36,private,South West
2022-01-05,5918,4585,1333,1298,35,private,South West
2022-01-06,5551,4327,1224,1206,18,private,South West
2022-01-07,3430,2757,673,659,14,private,South West
2022-01-08,2565,2056,509,495,14,private,South West
2022-01-09,2253,1719,534,524,10,private,South West
2022-01-10,3484,2702,782,768,14,private,South West
2022-01-11,2654,1993,661,654,7,private,South West
2022-01-12,2094,1761,333,326,7,private,South West
2022-01-13,1836,1457,379,368,11,private,South West
2022-01-14,1663,1424,239,230,9,private,South West
2022-01-15,1360,1045,315,309,6,private,South West
2022-01-16,1394,929,465,450,15,private,South West
2022-01-17,2416,2032,384,372,12,private,South West
2022-01-18,2194,1796,398,384,14,private,South West
2022-01-19,2188,1758,430,412,18,private,South West
2022-01-20,1968,1564,404,380,24,private,South West
2022-01-21,1905,1879,26,22,4,private,South West
2022-01-22,1598,1582,16,14,2,private,South West
2022-01-23,1584,1581,3,2,1,private,South West
2022-01-24,2796,2778,18,17,1,private,South West
2022-01-25,2514,2499,15,14,1,private,South West
2022-01-26,2505,2487,18,15,3,private,South West
2022-01-27,2164,2157,7,7,0,private,South West
2022-01-28,1947,1928,19,16,3,private,South West
2022-01-29,1662,1652,10,8,2,private,South West
2022-01-30,1545,1537,8,7,1,private,South West
2022-01-31,2613,2583,30,24,6,private,South West
2022-02-01,2246,2219,27,20,7,private,South West
2022-02-02,2176,2153,23,18,5,private,South West
2022-02-03,2027,1999,28,22,6,private,South West
2022-02-04,1704,1680,24,20,4,private,South West
2022-02-05,1185,1177,8,7,1,private,South West
2022-02-06,1071,1059,12,8,4,private,South West
2022-02-07,2066,2037,29,18,11,private,South West
2022-02-08,1801,1781,20,15,5,private,South West
2022-02-09,1754,1731,23,16,7,private,South West
2022-02-10,1400,1390,10,9,1,private,South West
2022-02-11,1102,1092,10,4,6,private,South West
2022-02-12,882,876,6,4,2,private,South West
2022-02-13,725,711,14,8,6,private,South West
2022-02-14,1480,1158,322,169,153,private,South West
2022-02-15,1340,1321,19,8,11,private,South West
2022-02-16,1223,1207,16,11,5,private,South West
2022-02-17,1072,1057,15,4,11,private,South West
2022-02-18,256,251,5,4,1,private,South West
2022-02-19,887,879,8,5,3,private,South West
2022-02-20,673,668,5,1,4,private,South West
2022-02-21,1042,1031,11,4,7,private,South West
2022-02-22,861,846,15,6,9,private,South West
2022-02-23,803,793,10,1,9,private,South West
2022-02-24,722,712,10,4,6,private,South West
2022-02-25,560,557,3,1,2,private,South West
2022-02-26,503,501,2,0,2,private,South West
2022-02-27,461,460,1,0,1,private,South West
2022-02-28,172,172,0,0,0,private,South West
2021-11-15,18,7,11,0,11,private,Unknown
2021-11-16,13,8,5,0,5,private,Unknown
2021-11-17,21,11,10,0,10,private,Unknown
2021-11-18,15,5,10,0,10,private,Unknown
2021-11-19,24,13,11,0,11,private,Unknown
2021-11-20,13,6,7,0,7,private,Unknown
2021-11-21,8,3,5,0,5,private,Unknown
2021-11-22,24,11,13,0,13,private,Unknown
2021-11-23,18,12,6,0,6,private,Unknown
2021-11-24,19,8,11,0,11,private,Unknown
2021-11-25,16,8,8,0,8,private,Unknown
2021-11-26,11,3,8,0,8,private,Unknown
2021-11-27,16,8,8,0,8,private,Unknown
2021-11-28,16,7,9,0,9,private,Unknown
2021-11-29,31,14,17,0,17,private,Unknown
2021-11-30,28,18,10,0,10,private,Unknown
2021-12-01,23,13,10,0,10,private,Unknown
2021-12-02,17,8,9,0,9,private,Unknown
2021-12-03,19,13,6,0,6,private,Unknown
2021-12-04,13,4,9,0,9,private,Unknown
2021-12-05,11,5,6,1,5,private,Unknown
2021-12-06,18,4,14,1,13,private,Unknown
2021-12-07,27,16,11,0,11,private,Unknown
2021-12-08,42,29,13,4,9,private,Unknown
2021-12-09,26,15,11,3,8,private,Unknown
2021-12-10,23,12,11,2,9,private,Unknown
2021-12-11,26,17,9,3,6,private,Unknown
2021-12-12,25,9,16,2,14,private,Unknown
2021-12-13,46,29,17,8,9,private,Unknown
2021-12-14,59,34,25,16,9,private,Unknown
2021-12-15,69,40,29,19,10,private,Unknown
2021-12-16,69,37,32,15,17,private,Unknown
2021-12-17,48,23,25,17,8,private,Unknown
2021-12-18,53,27,26,21,5,private,Unknown
2021-12-19,46,17,29,24,5,private,Unknown
2021-12-20,78,42,36,29,7,private,Unknown
2021-12-21,70,37,33,30,3,private,Unknown
2021-12-22,87,41,46,43,3,private,Unknown
2021-12-23,84,49,35,28,7,private,Unknown
2021-12-24,59,27,32,29,3,private,Unknown
2021-12-25,40,9,31,30,1,private,Unknown
2021-12-26,62,27,35,32,3,private,Unknown
2021-12-27,77,41,36,34,2,private,Unknown
2021-12-28,108,45,63,61,2,private,Unknown
2021-12-29,113,53,60,59,1,private,Unknown
2021-12-30,113,42,71,69,2,private,Unknown
2021-12-31,79,36,43,40,3,private,Unknown
2022-01-01,56,21,35,35,0,private,Unknown
2022-01-02,73,27,46,44,2,private,Unknown
2022-01-03,106,52,54,54,0,private,Unknown
2022-01-04,156,65,91,89,2,private,Unknown
2022-01-05,130,63,67,66,1,private,Unknown
2022-01-06,89,43,46,44,2,private,Unknown
2022-01-07,64,25,39,38,1,private,Unknown
2022-01-08,41,18,23,23,0,private,Unknown
2022-01-09,42,12,30,30,0,private,Unknown
2022-01-10,69,32,37,36,1,private,Unknown
2022-01-11,52,21,31,28,3,private,Unknown
2022-01-12,34,17,17,17,0,private,Unknown
2022-01-13,36,14,22,22,0,private,Unknown
2022-01-14,23,6,17,17,0,private,Unknown
2022-01-15,17,5,12,12,0,private,Unknown
2022-01-16,28,5,23,23,0,private,Unknown
2022-01-17,52,24,28,26,2,private,Unknown
2022-01-18,35,15,20,20,0,private,Unknown
2022-01-19,36,18,18,17,1,private,Unknown
2022-01-20,38,20,18,18,0,private,Unknown
2022-01-21,33,21,12,11,1,private,Unknown
2022-01-22,33,24,9,9,0,private,Unknown
2022-01-23,21,10,11,11,0,private,Unknown
2022-01-24,53,26,27,26,1,private,Unknown
2022-01-25,51,21,30,27,3,private,Unknown
2022-01-26,47,25,22,19,3,private,Unknown
2022-01-27,28,19,9,7,2,private,Unknown
2022-01-28,32,12,20,18,2,private,Unknown
2022-01-29,24,16,8,8,0,private,Unknown
2022-01-30,37,21,16,16,0,private,Unknown
2022-01-31,29,18,11,11,0,private,Unknown
2022-02-01,45,28,17,13,4,private,Unknown
2022-02-02,40,24,16,16,0,private,Unknown
2022-02-03,30,20,10,8,2,private,Unknown
2022-02-04,29,19,10,7,3,private,Unknown
2022-02-05,23,10,13,12,1,private,Unknown
2022-02-06,18,11,7,5,2,private,Unknown
2022-02-07,26,15,11,9,2,private,Unknown
2022-02-08,21,12,9,7,2,private,Unknown
2022-02-09,22,12,10,8,2,private,Unknown
2022-02-10,24,12,12,8,4,private,Unknown
2022-02-11,9,6,3,2,1,private,Unknown
2022-02-12,12,8,4,4,0,private,Unknown
2022-02-13,13,8,5,5,0,private,Unknown
2022-02-14,22,9,13,11,2,private,Unknown
2022-02-15,17,11,6,6,0,private,Unknown
2022-02-16,15,5,10,4,6,private,Unknown
2022-02-17,21,9,12,8,4,private,Unknown
2022-02-18,9,5,4,3,1,private,Unknown
2022-02-19,11,7,4,1,3,private,Unknown
2022-02-20,8,2,6,3,3,private,Unknown
2022-02-21,7,4,3,3,0,private,Unknown
2022-02-22,23,9,14,6,8,private,Unknown
2022-02-23,13,7,6,3,3,private,Unknown
2022-02-24,8,4,4,1,3,private,Unknown
2022-02-25,8,2,6,5,1,private,Unknown
2022-02-26,8,4,4,4,0,private,Unknown
2022-02-27,4,1,3,0,3,private,Unknown
2022-02-28,4,1,3,0,3,private,Unknown
