date,total_cases,sgtf_unknown,total_sgt,sgtf,non_sgtf,source,region
2021-11-15,21176,8446,12730,9,12721,private,England
2021-11-16,19500,8513,10987,8,10979,private,England
2021-11-17,18947,8493,10454,2,10452,private,England
2021-11-18,18614,7880,10734,5,10729,private,England
2021-11-19,16913,7475,9438,9,9429,private,England
2021-11-20,14923,6539,8384,2,8382,private,England
2021-11-21,14565,6036,8529,9,8520,private,England
2021-11-22,21533,10006,11527,10,11517,private,England
2021-11-23,20720,9241,11479,4,11475,private,England
2021-11-24,19930,9762,10168,6,10162,private,England
2021-11-25,18736,7893,10843,13,10830,private,England
2021-11-26,17197,8468,8729,18,8711,private,England
2021-11-27,14001,7208,6793,8,6785,private,England
2021-11-28,15441,7606,7835,7,7828,private,England
2021-11-29,23747,11497,12250,22,12228,private,England
2021-11-30,23911,11962,11949,35,11914,private,England
2021-12-01,23944,11995,11949,60,11889,private,England
2021-12-02,21699,11336,10363,69,10294,private,England
2021-12-03,19990,10114,9876,94,9782,private,England
2021-12-04,16597,8420,8177,112,8065,private,England
2021-12-05,16130,7604,8526,188,8338,private,England
2021-12-06,25084,14314,10770,433,10337,private,England
2021-12-07,24298,13200,11098,923,10175,private,England
2021-12-08,25409,14204,11205,1419,9786,private,England
2021-12-09,24952,12816,12136,1955,10181,private,England
2021-12-10,22928,8974,13954,2798,11156,private,England
2021-12-11,20621,10354,10267,2184,8083,private,England
2021-12-12,20960,10167,10793,3396,7397,private,England
2021-12-13,35002,18896,16106,6515,9591,private,England
2021-12-14,42497,23121,19376,10790,8586,private,England
2021-12-15,51138,28160,22978,14728,8250,private,England
2021-12-16,49370,25553,23817,16145,7672,private,England
2021-12-17,44377,22859,21518,14967,6551,private,England
2021-12-18,40717,20532,20185,14826,5359,private,England
2021-12-19,38784,19525,19259,14713,4546,private,England
2021-12-20,60167,31547,28620,23065,5555,private,England
2021-12-21,67458,32452,35006,30006,5000,private,England
2021-12-22,72412,32393,40019,35542,4477,private,England
2021-12-23,72923,36956,35967,32185,3782,private,England
2021-12-24,62546,30375,32171,29074,3097,private,England
2021-12-25,25467,10745,14722,13631,1091,private,England
2021-12-26,46221,19859,26362,24599,1763,private,England
2021-12-27,78126,39053,39073,36611,2462,private,England
2021-12-28,81037,41775,39262,37413,1849,private,England
2021-12-29,109926,59077,50849,48343,2506,private,England
2021-12-30,93469,43031,50438,48842,1596,private,England
2021-12-31,73470,33282,40188,39134,1054,private,England
2022-01-01,43513,17502,26011,25347,664,private,England
2022-01-02,75122,32406,42716,41676,1040,private,England
2022-01-03,94606,42157,52449,51338,1111,private,England
2022-01-04,123869,62034,61835,60592,1243,private,England
2022-01-05,92267,39069,53198,52283,915,private,England
2022-01-06,77506,35483,42023,41374,649,private,England
2022-01-07,48781,23338,25443,25030,413,private,England
2022-01-08,34104,17012,17092,16822,270,private,England
2022-01-09,30077,13069,17008,16772,236,private,England
2022-01-10,47330,20244,27086,26674,412,private,England
2022-01-11,35654,15297,20357,20061,296,private,England
2022-01-12,29463,13817,15646,15422,224,private,England
2022-01-13,26691,12112,14579,14360,219,private,England
2022-01-14,22455,10690,11765,11607,158,private,England
2022-01-15,18144,7704,10440,10242,198,private,England
2022-01-16,17795,7105,10690,10454,236,private,England
2022-01-17,30454,14285,16169,15835,334,private,England
2022-01-18,27607,12524,15083,14729,354,private,England
2022-01-19,25938,11129,14809,14401,408,private,England
2022-01-20,23099,10476,12623,12233,390,private,England
2022-01-21,21365,11034,10331,10025,306,private,England
2022-01-22,17717,9560,8157,7831,326,private,England
2022-01-23,17659,9589,8070,7727,343,private,England
2022-01-24,28839,15581,13258,12593,665,private,England
2022-01-25,25923,13671,12252,11502,750,private,England
2022-01-26,25393,13840,11553,10800,753,private,England
2022-01-27,22382,12452,9930,9184,746,private,England
2022-01-28,19487,10556,8931,8174,757,private,England
2022-01-29,15632,8364,7268,6566,702,private,England
2022-01-30,14760,7656,7104,6341,763,private,England
2022-01-31,23126,13157,9969,8899,1070,private,England
2022-02-01,20601,12040,8561,7556,1005,private,England
2022-02-02,19939,11833,8106,7078,1028,private,England
2022-02-03,18036,10872,7164,6209,955,private,England
2022-02-04,14814,9089,5725,4869,856,private,England
2022-02-05,10921,6072,4849,3933,916,private,England
2022-02-06,9544,4927,4617,3759,858,private,England
2022-02-07,17200,10092,7108,5617,1491,private,England
2022-02-08,14892,9241,5651,4392,1259,private,England
2022-02-09,14015,8837,5178,3856,1322,private,England
2022-02-10,11321,7073,4248,3068,1180,private,England
2022-02-11,9278,5735,3543,2573,970,private,England
2022-02-12,6832,4124,2708,1849,859,private,England
2022-02-13,5742,2776,2966,1971,995,private,England
2022-02-14,11080,4846,6234,3941,2293,private,England
2022-02-15,9562,5465,4097,2462,1635,private,England
2022-02-16,9881,5336,4545,2649,1896,private,England
2022-02-17,8807,4692,4115,2364,1751,private,England
2022-02-18,3844,1671,2173,1278,895,private,England
2022-02-19,6902,3727,3175,1549,1626,private,England
2022-02-20,5222,2923,2299,1080,1219,private,England
2022-02-21,8572,4720,3852,1818,2034,private,England
2022-02-22,7251,3857,3394,1562,1832,private,England
2022-02-23,6491,3425,3066,1314,1752,private,England
2022-02-24,5351,2799,2552,955,1597,private,England
2022-02-25,4680,2569,2111,777,1334,private,England
2022-02-26,3725,2072,1653,565,1088,private,England
2022-02-27,3828,2063,1765,522,1243,private,England
2022-02-28,8011,4350,3661,1110,2551,private,England
2022-03-01,7539,4040,3499,1027,2472,private,England
2022-03-02,7984,4195,3789,946,2843,private,England
2022-03-03,8245,4266,3979,951,3028,private,England
2022-03-04,7861,4170,3691,800,2891,private,England
2022-03-05,6171,3307,2864,582,2282,private,England
2022-03-06,6261,3435,2826,474,2352,private,England
2022-03-07,12799,6903,5896,1006,4890,private,England
2022-03-08,12135,6565,5570,778,4792,private,England
2022-03-09,13587,7307,6280,845,5435,private,England
2022-03-10,13584,7332,6252,817,5435,private,England
2022-03-11,12469,6564,5905,731,5174,private,England
2022-03-12,10404,5415,4989,578,4411,private,England
2022-03-13,10564,5695,4869,487,4382,private,England
2022-03-14,20569,11007,9562,889,8673,private,England
2022-03-15,17962,9545,8417,731,7686,private,England
2022-03-16,18215,9734,8481,660,7821,private,England
2022-03-17,17935,11166,6769,512,6257,private,England
2022-03-18,15860,9761,6099,431,5668,private,England
2022-03-19,12099,7044,5055,318,4737,private,England
2022-03-20,11481,6532,4949,294,4655,private,England
2022-03-21,24172,17065,7107,401,6706,private,England
2022-03-22,21623,15222,6401,325,6076,private,England
2022-03-23,20569,14530,6039,283,5756,private,England
2022-03-24,19216,13693,5523,234,5289,private,England
2022-03-25,16794,14288,2506,114,2392,private,England
2022-03-26,12078,11108,970,41,929,private,England
2022-03-27,9836,9066,770,23,747,private,England
2022-03-28,21857,18019,3838,116,3722,private,England
2022-03-29,17844,15041,2803,95,2708,private,England
2022-03-30,17065,14265,2800,80,2720,private,England
2022-03-31,7188,6423,765,15,750,private,England
2022-04-01,7009,6199,810,24,786,private,England
2022-04-02,2452,2272,180,3,177,private,England
2022-04-03,722,635,87,2,85,private,England
2022-04-04,2093,1912,181,4,177,private,England
2022-04-05,1087,967,120,0,120,private,England
2022-04-06,830,735,95,3,92,private,England
2022-04-07,697,605,92,1,91,private,England
2022-04-08,612,537,75,0,75,private,England
2022-04-09,401,376,25,0,25,private,England
2022-04-10,304,282,22,1,21,private,England
2022-04-11,488,486,2,0,2,private,England
2022-04-12,101,101,NA,NA,NA,private,England
2021-11-15,2447,860,1587,1,1586,private,East of England
2021-11-16,2324,1176,1148,0,1148,private,East of England
2021-11-17,2289,1196,1093,0,1093,private,East of England
2021-11-18,2217,1090,1127,1,1126,private,East of England
2021-11-19,1966,995,971,0,971,private,East of England
2021-11-20,1841,734,1107,1,1106,private,East of England
2021-11-21,1757,624,1133,1,1132,private,East of England
2021-11-22,2636,1383,1253,3,1250,private,East of England
2021-11-23,2565,1246,1319,1,1318,private,East of England
2021-11-24,2445,1245,1200,0,1200,private,East of England
2021-11-25,2291,774,1517,2,1515,private,East of England
2021-11-26,2204,1077,1127,1,1126,private,East of England
2021-11-27,1923,1017,906,0,906,private,East of England
2021-11-28,1999,1058,941,2,939,private,East of England
2021-11-29,2900,1619,1281,0,1281,private,East of England
2021-11-30,3029,1758,1271,2,1269,private,East of England
2021-12-01,2981,1761,1220,5,1215,private,East of England
2021-12-02,2666,1591,1075,7,1068,private,East of England
2021-12-03,2510,1362,1148,12,1136,private,East of England
2021-12-04,2081,700,1381,20,1361,private,East of England
2021-12-05,2026,845,1181,30,1151,private,East of England
2021-12-06,3182,1736,1446,74,1372,private,East of England
2021-12-07,3124,1771,1353,133,1220,private,East of England
2021-12-08,3151,1590,1561,220,1341,private,East of England
2021-12-09,3203,1565,1638,295,1343,private,East of England
2021-12-10,2899,912,1987,393,1594,private,East of England
2021-12-11,2712,1250,1462,362,1100,private,East of England
2021-12-12,2780,1319,1461,504,957,private,East of England
2021-12-13,4468,2598,1870,893,977,private,East of England
2021-12-14,5632,3493,2139,1292,847,private,East of England
2021-12-15,6676,4528,2148,1423,725,private,East of England
2021-12-16,6358,3938,2420,1746,674,private,East of England
2021-12-17,5549,3423,2126,1589,537,private,East of England
2021-12-18,5225,3378,1847,1390,457,private,East of England
2021-12-19,5179,3066,2113,1697,416,private,East of England
2021-12-20,7917,5663,2254,1862,392,private,East of England
2021-12-21,8734,5681,3053,2662,391,private,East of England
2021-12-22,8954,5570,3384,3035,349,private,East of England
2021-12-23,8968,6099,2869,2614,255,private,East of England
2021-12-24,7518,4470,3048,2755,293,private,East of England
2021-12-25,3037,1232,1805,1664,141,private,East of England
2021-12-26,5196,2352,2844,2651,193,private,East of England
2021-12-27,9499,6467,3032,2839,193,private,East of England
2021-12-28,9363,6327,3036,2921,115,private,East of England
2021-12-29,12296,8268,4028,3825,203,private,East of England
2021-12-30,10094,6781,3313,3203,110,private,East of England
2021-12-31,7892,5904,1988,1930,58,private,East of England
2022-01-01,4313,2018,2295,2218,77,private,East of England
2022-01-02,7676,5292,2384,2314,70,private,East of England
2022-01-03,9564,6783,2781,2702,79,private,East of England
2022-01-04,12344,8746,3598,3503,95,private,East of England
2022-01-05,8481,5921,2560,2519,41,private,East of England
2022-01-06,7472,5267,2205,2169,36,private,East of England
2022-01-07,4729,3350,1379,1347,32,private,East of England
2022-01-08,3356,2356,1000,980,20,private,East of England
2022-01-09,2931,2153,778,761,17,private,East of England
2022-01-10,4701,3188,1513,1480,33,private,East of England
2022-01-11,3616,2455,1161,1127,34,private,East of England
2022-01-12,3101,2187,914,897,17,private,East of England
2022-01-13,2806,2020,786,769,17,private,East of England
2022-01-14,2452,1766,686,673,13,private,East of England
2022-01-15,1965,1252,713,692,21,private,East of England
2022-01-16,1967,1185,782,763,19,private,East of England
2022-01-17,3369,1887,1482,1435,47,private,East of England
2022-01-18,3056,1678,1378,1333,45,private,East of England
2022-01-19,3044,1471,1573,1518,55,private,East of England
2022-01-20,2654,1435,1219,1170,49,private,East of England
2022-01-21,2647,1400,1247,1196,51,private,East of England
2022-01-22,2253,1169,1084,1020,64,private,East of England
2022-01-23,2118,946,1172,1096,76,private,East of England
2022-01-24,3459,1623,1836,1710,126,private,East of England
2022-01-25,3040,1389,1651,1504,147,private,East of England
2022-01-26,3018,1461,1557,1430,127,private,East of England
2022-01-27,2760,1496,1264,1146,118,private,East of England
2022-01-28,2379,985,1394,1243,151,private,East of England
2022-01-29,2115,839,1276,1128,148,private,East of England
2022-01-30,1854,622,1232,1091,141,private,East of England
2022-01-31,2800,1171,1629,1404,225,private,East of England
2022-02-01,2679,1322,1357,1159,198,private,East of England
2022-02-02,2533,1308,1225,1027,198,private,East of England
2022-02-03,2258,1250,1008,829,179,private,East of England
2022-02-04,1903,1164,739,606,133,private,East of England
2022-02-05,1426,597,829,646,183,private,East of England
2022-02-06,1192,453,739,563,176,private,East of England
2022-02-07,2130,1229,901,699,202,private,East of England
2022-02-08,1896,1051,845,624,221,private,East of England
2022-02-09,1774,1112,662,460,202,private,East of England
2022-02-10,1410,828,582,386,196,private,East of England
2022-02-11,1202,710,492,331,161,private,East of England
2022-02-12,851,513,338,222,116,private,East of England
2022-02-13,720,216,504,321,183,private,East of England
2022-02-14,1308,279,1029,610,419,private,East of England
2022-02-15,1131,483,648,332,316,private,East of England
2022-02-16,1186,486,700,355,345,private,East of England
2022-02-17,1099,435,664,348,316,private,East of England
2022-02-18,439,232,207,102,105,private,East of England
2022-02-19,1051,434,617,281,336,private,East of England
2022-02-20,725,308,417,186,231,private,East of England
2022-02-21,1012,434,578,249,329,private,East of England
2022-02-22,984,368,616,262,354,private,East of England
2022-02-23,838,337,501,208,293,private,East of England
2022-02-24,711,305,406,140,266,private,East of England
2022-02-25,584,256,328,107,221,private,East of England
2022-02-26,460,192,268,75,193,private,East of England
2022-02-27,464,190,274,74,200,private,East of England
2022-02-28,978,394,584,137,447,private,East of England
2022-03-01,972,397,575,155,420,private,East of England
2022-03-02,1075,431,644,122,522,private,East of England
2022-03-03,1069,419,650,144,506,private,East of England
2022-03-04,1014,378,636,122,514,private,East of England
2022-03-05,895,402,493,74,419,private,East of England
2022-03-06,886,408,478,63,415,private,East of England
2022-03-07,1706,730,976,136,840,private,East of England
2022-03-08,1563,661,902,113,789,private,East of England
2022-03-09,1865,754,1111,123,988,private,East of England
2022-03-10,1826,775,1051,117,934,private,East of England
2022-03-11,1622,662,960,102,858,private,East of England
2022-03-12,1425,609,816,81,735,private,East of England
2022-03-13,1435,608,827,67,760,private,East of England
2022-03-14,2730,1059,1671,158,1513,private,East of England
2022-03-15,2356,965,1391,89,1302,private,East of England
2022-03-16,2237,857,1380,100,1280,private,East of England
2022-03-17,2344,1167,1177,71,1106,private,East of England
2022-03-18,2001,940,1061,58,1003,private,East of England
2022-03-19,1482,776,706,47,659,private,East of England
2022-03-20,1364,758,606,43,563,private,East of England
2022-03-21,2863,2088,775,43,732,private,East of England
2022-03-22,2648,1954,694,30,664,private,East of England
2022-03-23,2651,1877,774,36,738,private,East of England
2022-03-24,2356,1707,649,29,620,private,East of England
2022-03-25,2070,2066,4,0,4,private,East of England
2022-03-26,1490,1490,0,0,0,private,East of England
2022-03-27,1190,1190,0,0,0,private,East of England
2022-03-28,2577,2573,4,0,4,private,East of England
2022-03-29,2037,2033,4,0,4,private,East of England
2022-03-30,1917,1917,0,0,0,private,East of England
2022-03-31,930,929,1,0,1,private,East of England
2022-04-01,838,837,1,0,1,private,East of England
2022-04-02,301,301,0,0,0,private,East of England
2022-04-03,97,97,0,0,0,private,East of England
2022-04-04,248,248,0,0,0,private,East of England
2022-04-05,151,149,2,0,2,private,East of England
2022-04-06,102,100,2,0,2,private,East of England
2022-04-07,96,96,0,0,0,private,East of England
2022-04-08,83,82,1,0,1,private,East of England
2022-04-09,38,38,0,0,0,private,East of England
2022-04-10,36,36,0,0,0,private,East of England
2022-04-11,57,57,0,0,0,private,East of England
2022-04-12,14,14,0,0,0,private,East of England
2021-11-15,2465,1568,897,0,897,private,London
2021-11-16,2163,1284,879,5,874,private,London
2021-11-17,2154,1251,903,0,903,private,London
2021-11-18,2200,1177,1023,1,1022,private,London
2021-11-19,1898,1169,729,2,727,private,London
2021-11-20,1738,1028,710,0,710,private,London
2021-11-21,1647,936,711,0,711,private,London
2021-11-22,2586,1672,914,2,912,private,London
2021-11-23,2464,1590,874,1,873,private,London
2021-11-24,2570,1735,835,1,834,private,London
2021-11-25,2432,1491,941,2,939,private,London
2021-11-26,2240,1392,848,6,842,private,London
2021-11-27,2046,1301,745,4,741,private,London
2021-11-28,1754,1196,558,2,556,private,London
2021-11-29,3190,2062,1128,1,1127,private,London
2021-11-30,3195,2294,901,12,889,private,London
2021-12-01,3379,2495,884,14,870,private,London
2021-12-02,3129,2294,835,23,812,private,London
2021-12-03,2951,2123,828,28,800,private,London
2021-12-04,2465,1413,1052,54,998,private,London
2021-12-05,2347,1517,830,84,746,private,London
2021-12-06,3795,2424,1371,179,1192,private,London
2021-12-07,4220,2844,1376,341,1035,private,London
2021-12-08,4756,3114,1642,557,1085,private,London
2021-12-09,4951,2965,1986,807,1179,private,London
2021-12-10,4852,2419,2433,1089,1344,private,London
2021-12-11,4398,3448,950,496,454,private,London
2021-12-12,4873,3076,1797,1064,733,private,London
2021-12-13,9048,6157,2891,2034,857,private,London
2021-12-14,12025,7914,4111,3245,866,private,London
2021-12-15,13967,9476,4491,3739,752,private,London
2021-12-16,14616,9162,5454,4679,775,private,London
2021-12-17,13081,8804,4277,3736,541,private,London
2021-12-18,12037,7697,4340,3851,489,private,London
2021-12-19,10230,7081,3149,2799,350,private,London
2021-12-20,15525,10072,5453,4917,536,private,London
2021-12-21,16882,10132,6750,6210,540,private,London
2021-12-22,15513,9046,6467,6011,456,private,London
2021-12-23,15257,9405,5852,5510,342,private,London
2021-12-24,11445,7448,3997,3811,186,private,London
2021-12-25,3955,2474,1481,1431,50,private,London
2021-12-26,8018,4263,3755,3624,131,private,London
2021-12-27,12969,8707,4262,4082,180,private,London
2021-12-28,12376,8461,3915,3776,139,private,London
2021-12-29,17996,9810,8186,7920,266,private,London
2021-12-30,13259,8272,4987,4854,133,private,London
2021-12-31,9768,6005,3763,3681,82,private,London
2022-01-01,5505,3481,2024,1980,44,private,London
2022-01-02,10417,7114,3303,3231,72,private,London
2022-01-03,12301,8790,3511,3459,52,private,London
2022-01-04,15009,10087,4922,4823,99,private,London
2022-01-05,10551,7109,3442,3382,60,private,London
2022-01-06,10406,6992,3414,3350,64,private,London
2022-01-07,6182,3895,2287,2250,37,private,London
2022-01-08,4535,3135,1400,1370,30,private,London
2022-01-09,4005,2642,1363,1322,41,private,London
2022-01-10,6340,3897,2443,2376,67,private,London
2022-01-11,4963,3209,1754,1710,44,private,London
2022-01-12,4311,3014,1297,1254,43,private,London
2022-01-13,3999,2619,1380,1342,38,private,London
2022-01-14,3419,2367,1052,1017,35,private,London
2022-01-15,2673,1695,978,939,39,private,London
2022-01-16,2580,1473,1107,1044,63,private,London
2022-01-17,4179,2711,1468,1402,66,private,London
2022-01-18,3961,2520,1441,1346,95,private,London
2022-01-19,3619,1972,1647,1546,101,private,London
2022-01-20,3429,1993,1436,1343,93,private,London
2022-01-21,3164,1896,1268,1181,87,private,London
2022-01-22,2658,1629,1029,942,87,private,London
2022-01-23,2498,1621,877,802,75,private,London
2022-01-24,4161,2592,1569,1381,188,private,London
2022-01-25,3886,2037,1849,1630,219,private,London
2022-01-26,3943,2218,1725,1511,214,private,London
2022-01-27,3498,2059,1439,1222,217,private,London
2022-01-28,3164,1793,1371,1157,214,private,London
2022-01-29,2450,1343,1107,900,207,private,London
2022-01-30,2178,1138,1040,847,193,private,London
2022-01-31,3382,2177,1205,951,254,private,London
2022-02-01,3184,2026,1158,879,279,private,London
2022-02-02,3202,2069,1133,853,280,private,London
2022-02-03,2860,1948,912,698,214,private,London
2022-02-04,2402,1563,839,607,232,private,London
2022-02-05,1820,1026,794,532,262,private,London
2022-02-06,1592,1099,493,342,151,private,London
2022-02-07,2732,1514,1218,763,455,private,London
2022-02-08,2398,1553,845,536,309,private,London
2022-02-09,2320,1456,864,509,355,private,London
2022-02-10,1975,1245,730,427,303,private,London
2022-02-11,1582,921,661,390,271,private,London
2022-02-12,1192,697,495,283,212,private,London
2022-02-13,916,568,348,160,188,private,London
2022-02-14,1743,671,1072,546,526,private,London
2022-02-15,1533,691,842,405,437,private,London
2022-02-16,1743,759,984,473,511,private,London
2022-02-17,1536,617,919,453,466,private,London
2022-02-18,317,80,237,98,139,private,London
2022-02-19,1391,487,904,387,517,private,London
2022-02-20,1015,497,518,186,332,private,London
2022-02-21,1521,620,901,312,589,private,London
2022-02-22,1376,569,807,259,548,private,London
2022-02-23,1235,461,774,245,529,private,London
2022-02-24,1034,371,663,190,473,private,London
2022-02-25,890,347,543,148,395,private,London
2022-02-26,703,316,387,102,285,private,London
2022-02-27,628,301,327,78,249,private,London
2022-02-28,1341,550,791,192,599,private,London
2022-03-01,1270,527,743,164,579,private,London
2022-03-02,1404,550,854,158,696,private,London
2022-03-03,1445,518,927,149,778,private,London
2022-03-04,1385,552,833,132,701,private,London
2022-03-05,1144,454,690,105,585,private,London
2022-03-06,1013,502,511,60,451,private,London
2022-03-07,1923,747,1176,138,1038,private,London
2022-03-08,1969,766,1203,125,1078,private,London
2022-03-09,2196,893,1303,111,1192,private,London
2022-03-10,2134,819,1315,115,1200,private,London
2022-03-11,1942,696,1246,125,1121,private,London
2022-03-12,1587,539,1048,88,960,private,London
2022-03-13,1539,654,885,70,815,private,London
2022-03-14,2869,955,1914,157,1757,private,London
2022-03-15,2595,1002,1593,97,1496,private,London
2022-03-16,2629,983,1646,106,1540,private,London
2022-03-17,2735,2072,663,39,624,private,London
2022-03-18,2335,1820,515,28,487,private,London
2022-03-19,1756,1034,722,29,693,private,London
2022-03-20,1576,1022,554,25,529,private,London
2022-03-21,3313,3179,134,6,128,private,London
2022-03-22,3008,2935,73,4,69,private,London
2022-03-23,3042,2952,90,5,85,private,London
2022-03-24,2836,2742,94,6,88,private,London
2022-03-25,2494,2490,4,0,4,private,London
2022-03-26,1816,1813,3,0,3,private,London
2022-03-27,1438,1437,1,0,1,private,London
2022-03-28,3006,3002,4,0,4,private,London
2022-03-29,2589,2583,6,2,4,private,London
2022-03-30,2501,2494,7,0,7,private,London
2022-03-31,1215,1213,2,1,1,private,London
2022-04-01,1110,1110,0,0,0,private,London
2022-04-02,414,414,0,0,0,private,London
2022-04-03,111,108,3,0,3,private,London
2022-04-04,294,292,2,0,2,private,London
2022-04-05,136,135,1,0,1,private,London
2022-04-06,98,98,0,0,0,private,London
2022-04-07,69,68,1,0,1,private,London
2022-04-08,67,66,1,0,1,private,London
2022-04-09,51,51,0,0,0,private,London
2022-04-10,23,23,0,0,0,private,London
2022-04-11,52,52,0,0,0,private,London
2022-04-12,7,7,0,0,0,private,London
2021-11-15,4034,1466,2568,3,2565,private,Midlands
2021-11-16,3878,1203,2675,0,2675,private,Midlands
2021-11-17,3638,1418,2220,1,2219,private,Midlands
2021-11-18,3471,1138,2333,0,2333,private,Midlands
2021-11-19,3290,784,2506,4,2502,private,Midlands
2021-11-20,2893,689,2204,1,2203,private,Midlands
2021-11-21,2783,449,2334,4,2330,private,Midlands
2021-11-22,4097,1045,3052,1,3051,private,Midlands
2021-11-23,3785,1035,2750,1,2749,private,Midlands
2021-11-24,3686,1543,2143,3,2140,private,Midlands
2021-11-25,3512,1210,2302,2,2300,private,Midlands
2021-11-26,3169,1489,1680,7,1673,private,Midlands
2021-11-27,2378,1186,1192,1,1191,private,Midlands
2021-11-28,2913,1355,1558,1,1557,private,Midlands
2021-11-29,4231,1446,2785,11,2774,private,Midlands
2021-11-30,4342,1734,2608,7,2601,private,Midlands
2021-12-01,4255,1714,2541,11,2530,private,Midlands
2021-12-02,4003,1781,2222,10,2212,private,Midlands
2021-12-03,3633,1918,1715,9,1706,private,Midlands
2021-12-04,3143,1617,1526,9,1517,private,Midlands
2021-12-05,3020,1345,1675,13,1662,private,Midlands
2021-12-06,4606,2768,1838,35,1803,private,Midlands
2021-12-07,4326,2110,2216,108,2108,private,Midlands
2021-12-08,4436,2626,1810,123,1687,private,Midlands
2021-12-09,4407,2021,2386,229,2157,private,Midlands
2021-12-10,3932,895,3037,407,2630,private,Midlands
2021-12-11,3452,809,2643,446,2197,private,Midlands
2021-12-12,3305,1165,2140,510,1630,private,Midlands
2021-12-13,5369,1940,3429,1163,2266,private,Midlands
2021-12-14,5949,2074,3875,1908,1967,private,Midlands
2021-12-15,7840,2976,4864,2961,1903,private,Midlands
2021-12-16,7121,2599,4522,2836,1686,private,Midlands
2021-12-17,6463,1765,4698,3084,1614,private,Midlands
2021-12-18,5726,1231,4495,3105,1390,private,Midlands
2021-12-19,5690,1262,4428,3253,1175,private,Midlands
2021-12-20,9126,2797,6329,4974,1355,private,Midlands
2021-12-21,10453,3737,6716,5707,1009,private,Midlands
2021-12-22,11777,4078,7699,6746,953,private,Midlands
2021-12-23,12489,5390,7099,6256,843,private,Midlands
2021-12-24,10954,4352,6602,5902,700,private,Midlands
2021-12-25,4755,2476,2279,2088,191,private,Midlands
2021-12-26,8341,4317,4024,3714,310,private,Midlands
2021-12-27,14815,7550,7265,6811,454,private,Midlands
2021-12-28,15651,9431,6220,5939,281,private,Midlands
2021-12-29,20788,14275,6513,6148,365,private,Midlands
2021-12-30,18053,9799,8254,7956,298,private,Midlands
2021-12-31,13661,6724,6937,6757,180,private,Midlands
2022-01-01,8564,4513,4051,3942,109,private,Midlands
2022-01-02,14444,5877,8567,8347,220,private,Midlands
2022-01-03,18377,8560,9817,9598,219,private,Midlands
2022-01-04,24215,14590,9625,9489,136,private,Midlands
2022-01-05,18642,9232,9410,9249,161,private,Midlands
2022-01-06,16420,8161,8259,8141,118,private,Midlands
2022-01-07,10173,5174,4999,4932,67,private,Midlands
2022-01-08,7029,3302,3727,3673,54,private,Midlands
2022-01-09,6218,2549,3669,3620,49,private,Midlands
2022-01-10,9692,4357,5335,5260,75,private,Midlands
2022-01-11,7377,3247,4130,4069,61,private,Midlands
2022-01-12,6033,2888,3145,3119,26,private,Midlands
2022-01-13,5532,2606,2926,2892,34,private,Midlands
2022-01-14,4613,2075,2538,2511,27,private,Midlands
2022-01-15,3810,1495,2315,2277,38,private,Midlands
2022-01-16,3571,1386,2185,2138,47,private,Midlands
2022-01-17,6323,2924,3399,3336,63,private,Midlands
2022-01-18,5625,2543,3082,3023,59,private,Midlands
2022-01-19,5313,2361,2952,2900,52,private,Midlands
2022-01-20,4795,2087,2708,2645,63,private,Midlands
2022-01-21,4311,2448,1863,1819,44,private,Midlands
2022-01-22,3477,2148,1329,1285,44,private,Midlands
2022-01-23,3559,2239,1320,1273,47,private,Midlands
2022-01-24,5691,3395,2296,2216,80,private,Midlands
2022-01-25,5044,3211,1833,1742,91,private,Midlands
2022-01-26,4908,2990,1918,1832,86,private,Midlands
2022-01-27,4204,2739,1465,1360,105,private,Midlands
2022-01-28,3667,2263,1404,1317,87,private,Midlands
2022-01-29,2966,1916,1050,966,84,private,Midlands
2022-01-30,2686,1750,936,842,94,private,Midlands
2022-01-31,4215,2699,1516,1379,137,private,Midlands
2022-02-01,3779,2441,1338,1212,126,private,Midlands
2022-02-02,3591,2380,1211,1081,130,private,Midlands
2022-02-03,3207,2049,1158,1013,145,private,Midlands
2022-02-04,2590,1666,924,812,112,private,Midlands
2022-02-05,1891,1289,602,490,112,private,Midlands
2022-02-06,1654,489,1165,981,184,private,Midlands
2022-02-07,2966,1772,1194,990,204,private,Midlands
2022-02-08,2566,1748,818,642,176,private,Midlands
2022-02-09,2413,1760,653,498,155,private,Midlands
2022-02-10,1828,1339,489,370,119,private,Midlands
2022-02-11,1569,1173,396,316,80,private,Midlands
2022-02-12,1134,782,352,231,121,private,Midlands
2022-02-13,979,239,740,514,226,private,Midlands
2022-02-14,1855,693,1162,811,351,private,Midlands
2022-02-15,1503,1106,397,239,158,private,Midlands
2022-02-16,1572,1104,468,291,177,private,Midlands
2022-02-17,1385,944,441,262,179,private,Midlands
2022-02-18,1086,782,304,175,129,private,Midlands
2022-02-19,938,696,242,131,111,private,Midlands
2022-02-20,803,593,210,108,102,private,Midlands
2022-02-21,1377,964,413,216,197,private,Midlands
2022-02-22,1069,782,287,163,124,private,Midlands
2022-02-23,1039,737,302,132,170,private,Midlands
2022-02-24,809,547,262,104,158,private,Midlands
2022-02-25,755,554,201,84,117,private,Midlands
2022-02-26,587,423,164,58,106,private,Midlands
2022-02-27,624,449,175,58,117,private,Midlands
2022-02-28,1329,898,431,156,275,private,Midlands
2022-03-01,1228,861,367,116,251,private,Midlands
2022-03-02,1185,797,388,117,271,private,Midlands
2022-03-03,1288,870,418,118,300,private,Midlands
2022-03-04,1238,859,379,103,276,private,Midlands
2022-03-05,903,641,262,55,207,private,Midlands
2022-03-06,969,702,267,52,215,private,Midlands
2022-03-07,2006,1351,655,115,540,private,Midlands
2022-03-08,1859,1305,554,88,466,private,Midlands
2022-03-09,1978,1358,620,93,527,private,Midlands
2022-03-10,2047,1407,640,97,543,private,Midlands
2022-03-11,1854,1237,617,90,527,private,Midlands
2022-03-12,1637,1166,471,74,397,private,Midlands
2022-03-13,1620,1112,508,58,450,private,Midlands
2022-03-14,3125,2099,1026,105,921,private,Midlands
2022-03-15,2832,1956,876,83,793,private,Midlands
2022-03-16,2880,2013,867,81,786,private,Midlands
2022-03-17,2933,2098,835,74,761,private,Midlands
2022-03-18,2518,1706,812,72,740,private,Midlands
2022-03-19,1997,1413,584,38,546,private,Midlands
2022-03-20,1827,1206,621,43,578,private,Midlands
2022-03-21,3945,2710,1235,55,1180,private,Midlands
2022-03-22,3533,2450,1083,34,1049,private,Midlands
2022-03-23,3509,2625,884,39,845,private,Midlands
2022-03-24,3289,2517,772,29,743,private,Midlands
2022-03-25,2845,2516,329,19,310,private,Midlands
2022-03-26,2107,2105,2,0,2,private,Midlands
2022-03-27,1744,1740,4,0,4,private,Midlands
2022-03-28,3850,3792,58,1,57,private,Midlands
2022-03-29,3253,3227,26,2,24,private,Midlands
2022-03-30,3066,3039,27,1,26,private,Midlands
2022-03-31,1183,1179,4,1,3,private,Midlands
2022-04-01,1222,1222,0,0,0,private,Midlands
2022-04-02,409,409,0,0,0,private,Midlands
2022-04-03,123,123,0,0,0,private,Midlands
2022-04-04,371,370,1,0,1,private,Midlands
2022-04-05,178,177,1,0,1,private,Midlands
2022-04-06,140,139,1,0,1,private,Midlands
2022-04-07,127,126,1,0,1,private,Midlands
2022-04-08,96,95,1,0,1,private,Midlands
2022-04-09,78,77,1,0,1,private,Midlands
2022-04-10,71,71,0,0,0,private,Midlands
2022-04-11,94,94,0,0,0,private,Midlands
2022-04-12,23,23,0,0,0,private,Midlands
2021-11-15,3091,417,2674,0,2674,private,North East and Yorkshire
2021-11-16,2796,362,2434,1,2433,private,North East and Yorkshire
2021-11-17,2802,221,2581,0,2581,private,North East and Yorkshire
2021-11-18,2718,181,2537,3,2534,private,North East and Yorkshire
2021-11-19,2422,172,2250,0,2250,private,North East and Yorkshire
2021-11-20,1978,133,1845,0,1845,private,North East and Yorkshire
2021-11-21,1971,171,1800,0,1800,private,North East and Yorkshire
2021-11-22,2876,262,2614,1,2613,private,North East and Yorkshire
2021-11-23,2761,280,2481,1,2480,private,North East and Yorkshire
2021-11-24,2636,237,2399,2,2397,private,North East and Yorkshire
2021-11-25,2492,221,2271,1,2270,private,North East and Yorkshire
2021-11-26,2218,202,2016,1,2015,private,North East and Yorkshire
2021-11-27,1406,114,1292,0,1292,private,North East and Yorkshire
2021-11-28,2013,117,1896,1,1895,private,North East and Yorkshire
2021-11-29,3030,220,2810,1,2809,private,North East and Yorkshire
2021-11-30,3061,257,2804,3,2801,private,North East and Yorkshire
2021-12-01,2989,226,2763,6,2757,private,North East and Yorkshire
2021-12-02,2617,184,2433,4,2429,private,North East and Yorkshire
2021-12-03,2355,210,2145,6,2139,private,North East and Yorkshire
2021-12-04,1955,226,1729,1,1728,private,North East and Yorkshire
2021-12-05,1949,171,1778,10,1768,private,North East and Yorkshire
2021-12-06,2939,299,2640,15,2625,private,North East and Yorkshire
2021-12-07,2756,320,2436,37,2399,private,North East and Yorkshire
2021-12-08,2925,318,2607,82,2525,private,North East and Yorkshire
2021-12-09,2699,271,2428,112,2316,private,North East and Yorkshire
2021-12-10,2350,252,2098,122,1976,private,North East and Yorkshire
2021-12-11,2153,216,1937,165,1772,private,North East and Yorkshire
2021-12-12,2210,494,1716,247,1469,private,North East and Yorkshire
2021-12-13,3394,279,3115,668,2447,private,North East and Yorkshire
2021-12-14,3788,323,3465,1306,2159,private,North East and Yorkshire
2021-12-15,4736,339,4397,2135,2262,private,North East and Yorkshire
2021-12-16,4296,304,3992,2029,1963,private,North East and Yorkshire
2021-12-17,3863,346,3517,1925,1592,private,North East and Yorkshire
2021-12-18,3654,319,3335,2021,1314,private,North East and Yorkshire
2021-12-19,3757,349,3408,2237,1171,private,North East and Yorkshire
2021-12-20,5938,476,5462,3909,1553,private,North East and Yorkshire
2021-12-21,7133,618,6515,5157,1358,private,North East and Yorkshire
2021-12-22,8743,1484,7259,6115,1144,private,North East and Yorkshire
2021-12-23,9084,1928,7156,6095,1061,private,North East and Yorkshire
2021-12-24,8418,2205,6213,5406,807,private,North East and Yorkshire
2021-12-25,3651,155,3496,3175,321,private,North East and Yorkshire
2021-12-26,7109,347,6762,6160,602,private,North East and Yorkshire
2021-12-27,11109,779,10330,9540,790,private,North East and Yorkshire
2021-12-28,13230,957,12273,11561,712,private,North East and Yorkshire
2021-12-29,17845,2358,15487,14600,887,private,North East and Yorkshire
2021-12-30,16229,1173,15056,14562,494,private,North East and Yorkshire
2021-12-31,14041,2118,11923,11572,351,private,North East and Yorkshire
2022-01-01,8344,424,7920,7737,183,private,North East and Yorkshire
2022-01-02,14311,946,13365,13017,348,private,North East and Yorkshire
2022-01-03,19846,1413,18433,18039,394,private,North East and Yorkshire
2022-01-04,25505,2998,22507,22014,493,private,North East and Yorkshire
2022-01-05,21165,1415,19750,19404,346,private,North East and Yorkshire
2022-01-06,16220,1223,14997,14763,234,private,North East and Yorkshire
2022-01-07,11018,2319,8699,8561,138,private,North East and Yorkshire
2022-01-08,7266,1809,5457,5390,67,private,North East and Yorkshire
2022-01-09,6485,638,5847,5801,46,private,North East and Yorkshire
2022-01-10,9850,832,9018,8909,109,private,North East and Yorkshire
2022-01-11,7456,606,6850,6784,66,private,North East and Yorkshire
2022-01-12,6043,457,5586,5528,58,private,North East and Yorkshire
2022-01-13,5436,411,5025,4965,60,private,North East and Yorkshire
2022-01-14,4491,389,4102,4069,33,private,North East and Yorkshire
2022-01-15,3459,284,3175,3139,36,private,North East and Yorkshire
2022-01-16,3419,286,3133,3101,32,private,North East and Yorkshire
2022-01-17,5652,560,5092,5035,57,private,North East and Yorkshire
2022-01-18,5056,448,4608,4564,44,private,North East and Yorkshire
2022-01-19,4580,375,4205,4152,53,private,North East and Yorkshire
2022-01-20,3848,393,3455,3410,45,private,North East and Yorkshire
2022-01-21,3487,365,3122,3082,40,private,North East and Yorkshire
2022-01-22,2819,317,2502,2455,47,private,North East and Yorkshire
2022-01-23,2852,375,2477,2434,43,private,North East and Yorkshire
2022-01-24,4464,589,3875,3786,89,private,North East and Yorkshire
2022-01-25,3977,567,3410,3315,95,private,North East and Yorkshire
2022-01-26,3773,480,3293,3184,109,private,North East and Yorkshire
2022-01-27,3340,417,2923,2818,105,private,North East and Yorkshire
2022-01-28,2628,329,2299,2212,87,private,North East and Yorkshire
2022-01-29,1879,159,1720,1668,52,private,North East and Yorkshire
2022-01-30,2035,320,1715,1651,64,private,North East and Yorkshire
2022-01-31,3223,448,2775,2615,160,private,North East and Yorkshire
2022-02-01,2687,290,2397,2270,127,private,North East and Yorkshire
2022-02-02,2594,272,2322,2172,150,private,North East and Yorkshire
2022-02-03,2338,260,2078,1941,137,private,North East and Yorkshire
2022-02-04,1912,229,1683,1532,151,private,North East and Yorkshire
2022-02-05,1434,155,1279,1166,113,private,North East and Yorkshire
2022-02-06,1183,126,1057,944,113,private,North East and Yorkshire
2022-02-07,2116,311,1805,1597,208,private,North East and Yorkshire
2022-02-08,1776,245,1531,1338,193,private,North East and Yorkshire
2022-02-09,1666,213,1453,1237,216,private,North East and Yorkshire
2022-02-10,1366,167,1199,991,208,private,North East and Yorkshire
2022-02-11,1092,127,965,808,157,private,North East and Yorkshire
2022-02-12,826,73,753,600,153,private,North East and Yorkshire
2022-02-13,751,93,658,501,157,private,North East and Yorkshire
2022-02-14,1381,179,1202,898,304,private,North East and Yorkshire
2022-02-15,1145,144,1001,741,260,private,North East and Yorkshire
2022-02-16,1185,81,1104,802,302,private,North East and Yorkshire
2022-02-17,1058,100,958,673,285,private,North East and Yorkshire
2022-02-18,822,50,772,529,243,private,North East and Yorkshire
2022-02-19,575,51,524,350,174,private,North East and Yorkshire
2022-02-20,540,38,502,296,206,private,North East and Yorkshire
2022-02-21,960,76,884,540,344,private,North East and Yorkshire
2022-02-22,778,62,716,434,282,private,North East and Yorkshire
2022-02-23,718,70,648,360,288,private,North East and Yorkshire
2022-02-24,605,57,548,267,281,private,North East and Yorkshire
2022-02-25,469,44,425,207,218,private,North East and Yorkshire
2022-02-26,395,38,357,155,202,private,North East and Yorkshire
2022-02-27,519,72,447,166,281,private,North East and Yorkshire
2022-02-28,854,80,774,322,452,private,North East and Yorkshire
2022-03-01,845,89,756,283,473,private,North East and Yorkshire
2022-03-02,901,112,789,265,524,private,North East and Yorkshire
2022-03-03,937,114,823,287,536,private,North East and Yorkshire
2022-03-04,799,109,690,215,475,private,North East and Yorkshire
2022-03-05,635,69,566,175,391,private,North East and Yorkshire
2022-03-06,695,103,592,129,463,private,North East and Yorkshire
2022-03-07,1371,182,1189,294,895,private,North East and Yorkshire
2022-03-08,1379,196,1183,225,958,private,North East and Yorkshire
2022-03-09,1432,167,1265,260,1005,private,North East and Yorkshire
2022-03-10,1404,194,1210,219,991,private,North East and Yorkshire
2022-03-11,1375,169,1206,188,1018,private,North East and Yorkshire
2022-03-12,1196,171,1025,152,873,private,North East and Yorkshire
2022-03-13,1260,216,1044,152,892,private,North East and Yorkshire
2022-03-14,2340,364,1976,213,1763,private,North East and Yorkshire
2022-03-15,2129,273,1856,243,1613,private,North East and Yorkshire
2022-03-16,2252,330,1922,194,1728,private,North East and Yorkshire
2022-03-17,2127,292,1835,174,1661,private,North East and Yorkshire
2022-03-18,1934,265,1669,125,1544,private,North East and Yorkshire
2022-03-19,1510,211,1299,105,1194,private,North East and Yorkshire
2022-03-20,1623,259,1364,97,1267,private,North East and Yorkshire
2022-03-21,3111,1232,1879,125,1754,private,North East and Yorkshire
2022-03-22,2922,1055,1867,118,1749,private,North East and Yorkshire
2022-03-23,2806,977,1829,94,1735,private,North East and Yorkshire
2022-03-24,2642,918,1724,80,1644,private,North East and Yorkshire
2022-03-25,2314,920,1394,69,1325,private,North East and Yorkshire
2022-03-26,1686,875,811,31,780,private,North East and Yorkshire
2022-03-27,1520,899,621,19,602,private,North East and Yorkshire
2022-03-28,3250,1325,1925,66,1859,private,North East and Yorkshire
2022-03-29,2549,1466,1083,42,1041,private,North East and Yorkshire
2022-03-30,2507,1373,1134,26,1108,private,North East and Yorkshire
2022-03-31,932,605,327,7,320,private,North East and Yorkshire
2022-04-01,1015,640,375,15,360,private,North East and Yorkshire
2022-04-02,367,250,117,2,115,private,North East and Yorkshire
2022-04-03,95,57,38,2,36,private,North East and Yorkshire
2022-04-04,267,178,89,2,87,private,North East and Yorkshire
2022-04-05,154,103,51,0,51,private,North East and Yorkshire
2022-04-06,152,97,55,2,53,private,North East and Yorkshire
2022-04-07,129,88,41,0,41,private,North East and Yorkshire
2022-04-08,93,50,43,0,43,private,North East and Yorkshire
2022-04-09,62,45,17,0,17,private,North East and Yorkshire
2022-04-10,49,39,10,1,9,private,North East and Yorkshire
2022-04-11,82,81,1,0,1,private,North East and Yorkshire
2022-04-12,12,12,0,0,0,private,North East and Yorkshire
2021-11-15,2628,202,2426,1,2425,private,North West
2021-11-16,2413,246,2167,0,2167,private,North West
2021-11-17,2350,257,2093,0,2093,private,North West
2021-11-18,2301,232,2069,0,2069,private,North West
2021-11-19,2060,218,1842,0,1842,private,North West
2021-11-20,1799,211,1588,0,1588,private,North West
2021-11-21,1703,187,1516,0,1516,private,North West
2021-11-22,2549,314,2235,0,2235,private,North West
2021-11-23,2456,268,2188,0,2188,private,North West
2021-11-24,2261,268,1993,0,1993,private,North West
2021-11-25,2107,231,1876,0,1876,private,North West
2021-11-26,1931,192,1739,1,1738,private,North West
2021-11-27,1491,122,1369,1,1368,private,North West
2021-11-28,1795,150,1645,1,1644,private,North West
2021-11-29,2557,219,2338,1,2337,private,North West
2021-11-30,2731,251,2480,7,2473,private,North West
2021-12-01,2790,271,2519,12,2507,private,North West
2021-12-02,2456,227,2229,20,2209,private,North West
2021-12-03,2282,210,2072,25,2047,private,North West
2021-12-04,1715,1110,605,6,599,private,North West
2021-12-05,1922,201,1721,26,1695,private,North West
2021-12-06,3134,1418,1716,66,1650,private,North West
2021-12-07,2726,813,1913,147,1766,private,North West
2021-12-08,2949,1373,1576,192,1384,private,North West
2021-12-09,2758,1184,1574,220,1354,private,North West
2021-12-10,2495,201,2294,419,1875,private,North West
2021-12-11,2237,170,2067,437,1630,private,North West
2021-12-12,2263,183,2080,606,1474,private,North West
2021-12-13,3862,1430,2432,889,1543,private,North West
2021-12-14,4689,1484,3205,1643,1562,private,North West
2021-12-15,5939,1888,4051,2611,1440,private,North West
2021-12-16,5736,1820,3916,2579,1337,private,North West
2021-12-17,5099,1557,3542,2401,1141,private,North West
2021-12-18,4743,1298,3445,2525,920,private,North West
2021-12-19,4897,1382,3515,2742,773,private,North West
2021-12-20,8294,2600,5694,4693,1001,private,North West
2021-12-21,9975,2916,7059,6162,897,private,North West
2021-12-22,11999,1426,10573,9620,953,private,North West
2021-12-23,11735,2814,8921,8149,772,private,North West
2021-12-24,10721,2625,8096,7469,627,private,North West
2021-12-25,4436,203,4233,3981,252,private,North West
2021-12-26,7736,547,7189,6806,383,private,North West
2021-12-27,14255,4061,10194,9632,562,private,North West
2021-12-28,14751,5078,9673,9288,385,private,North West
2021-12-29,19561,9233,10328,9848,480,private,North West
2021-12-30,16748,3034,13714,13345,369,private,North West
2021-12-31,13272,1491,11781,11535,246,private,North West
2022-01-01,7984,516,7468,7301,167,private,North West
2022-01-02,13781,2131,11650,11435,215,private,North West
2022-01-03,16557,2696,13861,13610,251,private,North West
2022-01-04,21549,5895,15654,15388,266,private,North West
2022-01-05,16666,2718,13948,13740,208,private,North West
2022-01-06,12465,2915,9550,9440,110,private,North West
2022-01-07,7400,1732,5668,5584,84,private,North West
2022-01-08,5273,1358,3915,3861,54,private,North West
2022-01-09,4612,615,3997,3940,57,private,North West
2022-01-10,7252,715,6537,6455,82,private,North West
2022-01-11,5074,498,4576,4520,56,private,North West
2022-01-12,4141,447,3694,3644,50,private,North West
2022-01-13,3691,357,3334,3300,34,private,North West
2022-01-14,2847,288,2559,2535,24,private,North West
2022-01-15,2438,244,2194,2165,29,private,North West
2022-01-16,2447,251,2196,2166,30,private,North West
2022-01-17,4025,479,3546,3493,53,private,North West
2022-01-18,3602,362,3240,3185,55,private,North West
2022-01-19,3408,393,3015,2947,68,private,North West
2022-01-20,2759,277,2482,2430,52,private,North West
2022-01-21,2457,260,2197,2153,44,private,North West
2022-01-22,1969,214,1755,1704,51,private,North West
2022-01-23,2018,249,1769,1716,53,private,North West
2022-01-24,3297,435,2862,2752,110,private,North West
2022-01-25,2913,339,2574,2465,109,private,North West
2022-01-26,2606,349,2257,2132,125,private,North West
2022-01-27,2401,320,2081,1972,109,private,North West
2022-01-28,2028,280,1748,1648,100,private,North West
2022-01-29,1546,178,1368,1274,94,private,North West
2022-01-30,1607,234,1373,1260,113,private,North West
2022-01-31,2381,319,2062,1891,171,private,North West
2022-02-01,1970,245,1725,1561,164,private,North West
2022-02-02,1967,290,1677,1493,184,private,North West
2022-02-03,1810,232,1578,1396,182,private,North West
2022-02-04,1365,196,1169,1019,150,private,North West
2022-02-05,1024,151,873,765,108,private,North West
2022-02-06,973,137,836,684,152,private,North West
2022-02-07,1612,223,1389,1145,244,private,North West
2022-02-08,1394,187,1207,987,220,private,North West
2022-02-09,1279,144,1135,885,250,private,North West
2022-02-10,1061,123,938,697,241,private,North West
2022-02-11,829,93,736,534,202,private,North West
2022-02-12,612,78,534,362,172,private,North West
2022-02-13,562,67,495,340,155,private,North West
2022-02-14,1040,88,952,639,313,private,North West
2022-02-15,893,96,797,518,279,private,North West
2022-02-16,894,79,815,519,296,private,North West
2022-02-17,794,70,724,435,289,private,North West
2022-02-18,590,39,551,325,226,private,North West
2022-02-19,539,51,488,239,249,private,North West
2022-02-20,462,40,422,204,218,private,North West
2022-02-21,772,68,704,363,341,private,North West
2022-02-22,671,54,617,309,308,private,North West
2022-02-23,632,61,571,271,300,private,North West
2022-02-24,486,49,437,185,252,private,North West
2022-02-25,459,46,413,168,245,private,North West
2022-02-26,360,35,325,130,195,private,North West
2022-02-27,412,49,363,100,263,private,North West
2022-02-28,757,68,689,224,465,private,North West
2022-03-01,787,68,719,216,503,private,North West
2022-03-02,829,57,772,212,560,private,North West
2022-03-03,844,55,789,185,604,private,North West
2022-03-04,816,62,754,163,591,private,North West
2022-03-05,624,47,577,128,449,private,North West
2022-03-06,710,45,665,122,543,private,North West
2022-03-07,1416,124,1292,230,1062,private,North West
2022-03-08,1297,95,1202,176,1026,private,North West
2022-03-09,1522,130,1392,186,1206,private,North West
2022-03-10,1560,122,1438,204,1234,private,North West
2022-03-11,1421,114,1307,176,1131,private,North West
2022-03-12,1188,116,1072,138,934,private,North West
2022-03-13,1251,121,1130,103,1027,private,North West
2022-03-14,2269,186,2083,184,1899,private,North West
2022-03-15,2095,173,1922,171,1751,private,North West
2022-03-16,2113,190,1923,136,1787,private,North West
2022-03-17,2004,182,1822,129,1693,private,North West
2022-03-18,1818,154,1664,129,1535,private,North West
2022-03-19,1443,133,1310,68,1242,private,North West
2022-03-20,1460,113,1347,72,1275,private,North West
2022-03-21,3040,314,2726,150,2576,private,North West
2022-03-22,2558,255,2303,120,2183,private,North West
2022-03-23,2319,254,2065,98,1967,private,North West
2022-03-24,2317,310,2007,82,1925,private,North West
2022-03-25,2070,1338,732,25,707,private,North West
2022-03-26,1465,1319,146,10,136,private,North West
2022-03-27,1274,1137,137,4,133,private,North West
2022-03-28,2607,796,1811,49,1762,private,North West
2022-03-29,2308,664,1644,47,1597,private,North West
2022-03-30,2249,645,1604,53,1551,private,North West
2022-03-31,783,352,431,6,425,private,North West
2022-04-01,761,333,428,8,420,private,North West
2022-04-02,281,221,60,1,59,private,North West
2022-04-03,101,55,46,0,46,private,North West
2022-04-04,200,111,89,2,87,private,North West
2022-04-05,159,94,65,0,65,private,North West
2022-04-06,83,46,37,1,36,private,North West
2022-04-07,91,44,47,1,46,private,North West
2022-04-08,64,35,29,0,29,private,North West
2022-04-09,38,31,7,0,7,private,North West
2022-04-10,33,25,8,0,8,private,North West
2022-04-11,60,60,0,0,0,private,North West
2022-04-12,9,9,0,0,0,private,North West
2021-11-15,3885,2055,1830,4,1826,private,South East
2021-11-16,3509,2137,1372,2,1370,private,South East
2021-11-17,3476,2177,1299,1,1298,private,South East
2021-11-18,3550,2225,1325,0,1325,private,South East
2021-11-19,3280,2329,951,3,948,private,South East
2021-11-20,2878,2129,749,0,749,private,South East
2021-11-21,2940,2064,876,4,872,private,South East
2021-11-22,4285,3091,1194,3,1191,private,South East
2021-11-23,4281,2960,1321,0,1321,private,South East
2021-11-24,4028,2910,1118,0,1118,private,South East
2021-11-25,3736,2390,1346,5,1341,private,South East
2021-11-26,3361,2475,886,2,884,private,South East
2021-11-27,3062,2221,841,2,839,private,South East
2021-11-28,3068,2227,841,0,841,private,South East
2021-11-29,4898,3608,1290,6,1284,private,South East
2021-11-30,4817,3544,1273,1,1272,private,South East
2021-12-01,4863,3467,1396,10,1386,private,South East
2021-12-02,4329,3261,1068,4,1064,private,South East
2021-12-03,4030,2725,1305,8,1297,private,South East
2021-12-04,3324,2123,1201,14,1187,private,South East
2021-12-05,3069,2180,889,18,871,private,South East
2021-12-06,4697,3391,1306,51,1255,private,South East
2021-12-07,4658,3167,1491,142,1349,private,South East
2021-12-08,4716,3146,1570,204,1366,private,South East
2021-12-09,4510,2857,1653,251,1402,private,South East
2021-12-10,4259,2759,1500,284,1216,private,South East
2021-12-11,3859,2920,939,234,705,private,South East
2021-12-12,3728,2644,1084,352,732,private,South East
2021-12-13,6008,4193,1815,708,1107,private,South East
2021-12-14,7255,5285,1970,1095,875,private,South East
2021-12-15,8310,5938,2372,1493,879,private,South East
2021-12-16,7929,5406,2523,1695,828,private,South East
2021-12-17,7358,5007,2351,1600,751,private,South East
2021-12-18,6581,4768,1813,1331,482,private,South East
2021-12-19,6332,4600,1732,1310,422,private,South East
2021-12-20,9484,7275,2209,1739,470,private,South East
2021-12-21,10113,6815,3298,2731,567,private,South East
2021-12-22,10464,7433,3031,2614,417,private,South East
2021-12-23,10396,7440,2956,2594,362,private,South East
2021-12-24,8978,6170,2808,2507,301,private,South East
2021-12-25,3701,2539,1162,1048,114,private,South East
2021-12-26,5952,4334,1618,1489,129,private,South East
2021-12-27,10343,7665,2678,2483,195,private,South East
2021-12-28,10140,7227,2913,2774,139,private,South East
2021-12-29,14637,9916,4721,4493,228,private,South East
2021-12-30,12042,8717,3325,3202,123,private,South East
2021-12-31,8817,5602,3215,3110,105,private,South East
2022-01-01,5382,3547,1835,1766,69,private,South East
2022-01-02,8345,6157,2188,2115,73,private,South East
2022-01-03,10955,8189,2766,2686,80,private,South East
2022-01-04,16124,12123,4001,3885,116,private,South East
2022-01-05,10714,8026,2688,2625,63,private,South East
2022-01-06,8883,6555,2328,2261,67,private,South East
2022-01-07,5786,4087,1699,1659,40,private,South East
2022-01-08,4039,2978,1061,1030,31,private,South East
2022-01-09,3531,2741,790,774,16,private,South East
2022-01-10,5942,4521,1421,1390,31,private,South East
2022-01-11,4462,3268,1194,1169,25,private,South East
2022-01-12,3706,3046,660,637,23,private,South East
2022-01-13,3355,2628,727,702,25,private,South East
2022-01-14,2946,2374,572,555,17,private,South East
2022-01-15,2422,1684,738,709,29,private,South East
2022-01-16,2388,1589,799,769,30,private,South East
2022-01-17,4438,3668,770,736,34,private,South East
2022-01-18,4078,3162,916,874,42,private,South East
2022-01-19,3752,2783,969,909,60,private,South East
2022-01-20,3608,2707,901,837,64,private,South East
2022-01-21,3360,2764,596,561,35,private,South East
2022-01-22,2910,2477,433,402,31,private,South East
2022-01-23,3009,2568,441,393,48,private,South East
2022-01-24,4919,4143,776,706,70,private,South East
2022-01-25,4498,3608,890,805,85,private,South East
2022-01-26,4593,3830,763,677,86,private,South East
2022-01-27,3987,3245,742,652,90,private,South East
2022-01-28,3643,2966,677,564,113,private,South East
2022-01-29,2989,2260,729,614,115,private,South East
2022-01-30,2816,2032,784,627,157,private,South East
2022-01-31,4487,3744,743,626,117,private,South East
2022-02-01,3979,3437,542,442,100,private,South East
2022-02-02,3822,3323,499,418,81,private,South East
2022-02-03,3506,3114,392,302,90,private,South East
2022-02-04,2906,2568,338,267,71,private,South East
2022-02-05,2113,1661,452,316,136,private,South East
2022-02-06,1849,1539,310,233,77,private,South East
2022-02-07,3517,2956,561,397,164,private,South East
2022-02-08,3006,2628,378,245,133,private,South East
2022-02-09,2744,2364,380,245,135,private,South East
2022-02-10,2208,1920,288,180,108,private,South East
2022-02-11,1875,1595,280,188,92,private,South East
2022-02-12,1324,1098,226,143,83,private,South East
2022-02-13,1078,876,202,122,80,private,South East
2022-02-14,2240,1759,481,256,225,private,South East
2022-02-15,1920,1533,387,213,174,private,South East
2022-02-16,1999,1551,448,194,254,private,South East
2022-02-17,1791,1409,382,181,201,private,South East
2022-02-18,313,220,93,42,51,private,South East
2022-02-19,1492,1104,388,155,233,private,South East
2022-02-20,999,780,219,96,123,private,South East
2022-02-21,1878,1520,358,131,227,private,South East
2022-02-22,1492,1170,322,123,199,private,South East
2022-02-23,1214,960,254,94,160,private,South East
2022-02-24,977,755,222,64,158,private,South East
2022-02-25,950,758,192,57,135,private,South East
2022-02-26,705,559,146,41,105,private,South East
2022-02-27,694,519,175,46,129,private,South East
2022-02-28,1666,1299,367,72,295,private,South East
2022-03-01,1472,1155,317,83,234,private,South East
2022-03-02,1560,1232,328,68,260,private,South East
2022-03-03,1610,1260,350,63,287,private,South East
2022-03-04,1666,1281,385,63,322,private,South East
2022-03-05,1213,943,270,43,227,private,South East
2022-03-06,1192,890,302,47,255,private,South East
2022-03-07,2743,2171,572,86,486,private,South East
2022-03-08,2551,2049,502,50,452,private,South East
2022-03-09,2776,2222,554,67,487,private,South East
2022-03-10,2809,2233,576,62,514,private,South East
2022-03-11,2571,2030,541,48,493,private,South East
2022-03-12,1998,1473,525,40,485,private,South East
2022-03-13,1969,1510,459,37,422,private,South East
2022-03-14,4271,3417,854,53,801,private,South East
2022-03-15,3508,2745,763,46,717,private,South East
2022-03-16,3521,2808,713,42,671,private,South East
2022-03-17,3413,2997,416,23,393,private,South East
2022-03-18,3028,2670,358,19,339,private,South East
2022-03-19,2208,1790,418,29,389,private,South East
2022-03-20,1936,1499,437,13,424,private,South East
2022-03-21,4606,4266,340,22,318,private,South East
2022-03-22,3982,3624,358,18,340,private,South East
2022-03-23,3583,3226,357,10,347,private,South East
2022-03-24,3261,3003,258,8,250,private,South East
2022-03-25,2860,2820,40,0,40,private,South East
2022-03-26,1928,1927,1,0,1,private,South East
2022-03-27,1523,1520,3,0,3,private,South East
2022-03-28,3909,3886,23,0,23,private,South East
2022-03-29,3006,2980,26,0,26,private,South East
2022-03-30,2940,2926,14,0,14,private,South East
2022-03-31,1247,1247,0,0,0,private,South East
2022-04-01,1224,1224,0,0,0,private,South East
2022-04-02,402,402,0,0,0,private,South East
2022-04-03,111,111,0,0,0,private,South East
2022-04-04,416,416,0,0,0,private,South East
2022-04-05,196,196,0,0,0,private,South East
2022-04-06,158,158,0,0,0,private,South East
2022-04-07,112,111,1,0,1,private,South East
2022-04-08,116,116,0,0,0,private,South East
2022-04-09,75,75,0,0,0,private,South East
2022-04-10,51,48,3,0,3,private,South East
2022-04-11,85,85,0,0,0,private,South East
2022-04-12,25,25,0,0,0,private,South East
2021-11-15,2608,1871,737,0,737,private,South West
2021-11-16,2404,2097,307,0,307,private,South West
2021-11-17,2217,1962,255,0,255,private,South West
2021-11-18,2142,1832,310,0,310,private,South West
2021-11-19,1973,1795,178,0,178,private,South West
2021-11-20,1783,1609,174,0,174,private,South West
2021-11-21,1756,1602,154,0,154,private,South West
2021-11-22,2480,2228,252,0,252,private,South West
2021-11-23,2390,1850,540,0,540,private,South West
2021-11-24,2285,1816,469,0,469,private,South West
2021-11-25,2150,1568,582,1,581,private,South West
2021-11-26,2063,1638,425,0,425,private,South West
2021-11-27,1679,1239,440,0,440,private,South West
2021-11-28,1883,1496,387,0,387,private,South West
2021-11-29,2910,2309,601,2,599,private,South West
2021-11-30,2708,2106,602,3,599,private,South West
2021-12-01,2664,2048,616,2,614,private,South West
2021-12-02,2482,1990,492,1,491,private,South West
2021-12-03,2210,1553,657,6,651,private,South West
2021-12-04,1901,1227,674,8,666,private,South West
2021-12-05,1786,1340,446,6,440,private,South West
2021-12-06,2713,2274,439,12,427,private,South West
2021-12-07,2461,2159,302,15,287,private,South West
2021-12-08,2434,2008,426,37,389,private,South West
2021-12-09,2398,1938,460,38,422,private,South West
2021-12-10,2118,1524,594,82,512,private,South West
2021-12-11,1784,1524,260,41,219,private,South West
2021-12-12,1776,1277,499,111,388,private,South West
2021-12-13,2807,2270,537,152,385,private,South West
2021-12-14,3100,2514,586,285,301,private,South West
2021-12-15,3601,2975,626,347,279,private,South West
2021-12-16,3245,2287,958,566,392,private,South West
2021-12-17,2916,1934,982,615,367,private,South West
2021-12-18,2698,1814,884,582,302,private,South West
2021-12-19,2653,1768,885,651,234,private,South West
2021-12-20,3806,2623,1183,942,241,private,South West
2021-12-21,4098,2516,1582,1347,235,private,South West
2021-12-22,4875,3315,1560,1358,202,private,South West
2021-12-23,4910,3831,1079,939,140,private,South West
2021-12-24,4453,3078,1375,1195,180,private,South West
2021-12-25,1892,1657,235,214,21,private,South West
2021-12-26,3807,3672,135,123,12,private,South West
2021-12-27,5059,3783,1276,1190,86,private,South West
2021-12-28,5418,4249,1169,1093,76,private,South West
2021-12-29,6690,5164,1526,1450,76,private,South West
2021-12-30,6931,5213,1718,1651,67,private,South West
2021-12-31,5940,5402,538,509,29,private,South West
2022-01-01,3365,2982,383,368,15,private,South West
2022-01-02,6075,4862,1213,1173,40,private,South West
2022-01-03,6900,5674,1226,1190,36,private,South West
2022-01-04,8967,7530,1437,1401,36,private,South West
2022-01-05,5918,4585,1333,1298,35,private,South West
2022-01-06,5551,4327,1224,1206,18,private,South West
2022-01-07,3429,2756,673,659,14,private,South West
2022-01-08,2565,2056,509,495,14,private,South West
2022-01-09,2253,1719,534,524,10,private,South West
2022-01-10,3484,2702,782,768,14,private,South West
2022-01-11,2654,1993,661,654,7,private,South West
2022-01-12,2094,1761,333,326,7,private,South West
2022-01-13,1836,1457,379,368,11,private,South West
2022-01-14,1664,1425,239,230,9,private,South West
2022-01-15,1360,1045,315,309,6,private,South West
2022-01-16,1395,930,465,450,15,private,South West
2022-01-17,2416,2032,384,372,12,private,South West
2022-01-18,2194,1796,398,384,14,private,South West
2022-01-19,2186,1756,430,412,18,private,South West
2022-01-20,1968,1564,404,380,24,private,South West
2022-01-21,1906,1880,26,22,4,private,South West
2022-01-22,1598,1582,16,14,2,private,South West
2022-01-23,1584,1581,3,2,1,private,South West
2022-01-24,2795,2778,17,16,1,private,South West
2022-01-25,2514,2499,15,14,1,private,South West
2022-01-26,2505,2487,18,15,3,private,South West
2022-01-27,2164,2157,7,7,0,private,South West
2022-01-28,1946,1928,18,15,3,private,South West
2022-01-29,1663,1653,10,8,2,private,South West
2022-01-30,1547,1539,8,7,1,private,South West
2022-01-31,2609,2581,28,22,6,private,South West
2022-02-01,2277,2250,27,20,7,private,South West
2022-02-02,2190,2167,23,18,5,private,South West
2022-02-03,2027,1999,28,22,6,private,South West
2022-02-04,1707,1684,23,19,4,private,South West
2022-02-05,1190,1183,7,6,1,private,South West
2022-02-06,1083,1073,10,7,3,private,South West
2022-02-07,2101,2072,29,17,12,private,South West
2022-02-08,1835,1817,18,13,5,private,South West
2022-02-09,1797,1776,21,14,7,private,South West
2022-02-10,1449,1439,10,9,1,private,South West
2022-02-11,1120,1110,10,4,6,private,South West
2022-02-12,880,874,6,4,2,private,South West
2022-02-13,723,709,14,8,6,private,South West
2022-02-14,1490,1168,322,169,153,private,South West
2022-02-15,1420,1401,19,8,11,private,South West
2022-02-16,1286,1270,16,11,5,private,South West
2022-02-17,1123,1108,15,4,11,private,South West
2022-02-18,268,263,5,4,1,private,South West
2022-02-19,905,897,8,5,3,private,South West
2022-02-20,670,665,5,1,4,private,South West
2022-02-21,1045,1034,11,4,7,private,South West
2022-02-22,858,843,15,6,9,private,South West
2022-02-23,802,792,10,1,9,private,South West
2022-02-24,721,711,10,4,6,private,South West
2022-02-25,565,562,3,1,2,private,South West
2022-02-26,507,505,2,0,2,private,South West
2022-02-27,483,482,1,0,1,private,South West
2022-02-28,1064,1049,15,6,9,private,South West
2022-03-01,944,934,10,3,7,private,South West
2022-03-02,1011,1002,9,2,7,private,South West
2022-03-03,1038,1027,11,2,9,private,South West
2022-03-04,932,923,9,0,9,private,South West
2022-03-05,750,749,1,0,1,private,South West
2022-03-06,782,777,5,0,5,private,South West
2022-03-07,1612,1587,25,5,20,private,South West
2022-03-08,1496,1485,11,0,11,private,South West
2022-03-09,1783,1761,22,3,19,private,South West
2022-03-10,1775,1765,10,0,10,private,South West
2022-03-11,1659,1650,9,1,8,private,South West
2022-03-12,1343,1332,11,3,8,private,South West
2022-03-13,1467,1462,5,0,5,private,South West
2022-03-14,2934,2907,27,17,10,private,South West
2022-03-15,2415,2408,7,1,6,private,South West
2022-03-16,2544,2533,11,0,11,private,South West
2022-03-17,2332,2327,5,1,4,private,South West
2022-03-18,2190,2186,4,0,4,private,South West
2022-03-19,1683,1671,12,2,10,private,South West
2022-03-20,1669,1661,8,0,8,private,South West
2022-03-21,3245,3240,5,0,5,private,South West
2022-03-22,2933,2926,7,0,7,private,South West
2022-03-23,2614,2590,24,0,24,private,South West
2022-03-24,2472,2463,9,0,9,private,South West
2022-03-25,2103,2101,2,0,2,private,South West
2022-03-26,1552,1552,0,0,0,private,South West
2022-03-27,1126,1125,1,0,1,private,South West
2022-03-28,2607,2602,5,0,5,private,South West
2022-03-29,2058,2050,8,1,7,private,South West
2022-03-30,1843,1835,8,0,8,private,South West
2022-03-31,881,881,0,0,0,private,South West
2022-04-01,817,817,0,0,0,private,South West
2022-04-02,271,268,3,0,3,private,South West
2022-04-03,81,81,0,0,0,private,South West
2022-04-04,291,291,0,0,0,private,South West
2022-04-05,111,111,0,0,0,private,South West
2022-04-06,96,96,0,0,0,private,South West
2022-04-07,71,71,0,0,0,private,South West
2022-04-08,89,89,0,0,0,private,South West
2022-04-09,59,59,0,0,0,private,South West
2022-04-10,41,40,1,0,1,private,South West
2022-04-11,57,56,1,0,1,private,South West
2022-04-12,11,11,0,0,0,private,South West
2021-11-15,18,7,11,0,11,private,Unknown
2021-11-16,13,8,5,0,5,private,Unknown
2021-11-17,21,11,10,0,10,private,Unknown
2021-11-18,15,5,10,0,10,private,Unknown
2021-11-19,24,13,11,0,11,private,Unknown
2021-11-20,13,6,7,0,7,private,Unknown
2021-11-21,8,3,5,0,5,private,Unknown
2021-11-22,24,11,13,0,13,private,Unknown
2021-11-23,18,12,6,0,6,private,Unknown
2021-11-24,19,8,11,0,11,private,Unknown
2021-11-25,16,8,8,0,8,private,Unknown
2021-11-26,11,3,8,0,8,private,Unknown
2021-11-27,16,8,8,0,8,private,Unknown
2021-11-28,16,7,9,0,9,private,Unknown
2021-11-29,31,14,17,0,17,private,Unknown
2021-11-30,28,18,10,0,10,private,Unknown
2021-12-01,23,13,10,0,10,private,Unknown
2021-12-02,17,8,9,0,9,private,Unknown
2021-12-03,19,13,6,0,6,private,Unknown
2021-12-04,13,4,9,0,9,private,Unknown
2021-12-05,11,5,6,1,5,private,Unknown
2021-12-06,18,4,14,1,13,private,Unknown
2021-12-07,27,16,11,0,11,private,Unknown
2021-12-08,42,29,13,4,9,private,Unknown
2021-12-09,26,15,11,3,8,private,Unknown
2021-12-10,23,12,11,2,9,private,Unknown
2021-12-11,26,17,9,3,6,private,Unknown
2021-12-12,25,9,16,2,14,private,Unknown
2021-12-13,46,29,17,8,9,private,Unknown
2021-12-14,59,34,25,16,9,private,Unknown
2021-12-15,69,40,29,19,10,private,Unknown
2021-12-16,69,37,32,15,17,private,Unknown
2021-12-17,48,23,25,17,8,private,Unknown
2021-12-18,53,27,26,21,5,private,Unknown
2021-12-19,46,17,29,24,5,private,Unknown
2021-12-20,77,41,36,29,7,private,Unknown
2021-12-21,70,37,33,30,3,private,Unknown
2021-12-22,87,41,46,43,3,private,Unknown
2021-12-23,84,49,35,28,7,private,Unknown
2021-12-24,59,27,32,29,3,private,Unknown
2021-12-25,40,9,31,30,1,private,Unknown
2021-12-26,62,27,35,32,3,private,Unknown
2021-12-27,77,41,36,34,2,private,Unknown
2021-12-28,108,45,63,61,2,private,Unknown
2021-12-29,113,53,60,59,1,private,Unknown
2021-12-30,113,42,71,69,2,private,Unknown
2021-12-31,79,36,43,40,3,private,Unknown
2022-01-01,56,21,35,35,0,private,Unknown
2022-01-02,73,27,46,44,2,private,Unknown
2022-01-03,106,52,54,54,0,private,Unknown
2022-01-04,156,65,91,89,2,private,Unknown
2022-01-05,130,63,67,66,1,private,Unknown
2022-01-06,89,43,46,44,2,private,Unknown
2022-01-07,64,25,39,38,1,private,Unknown
2022-01-08,41,18,23,23,0,private,Unknown
2022-01-09,42,12,30,30,0,private,Unknown
2022-01-10,69,32,37,36,1,private,Unknown
2022-01-11,52,21,31,28,3,private,Unknown
2022-01-12,34,17,17,17,0,private,Unknown
2022-01-13,36,14,22,22,0,private,Unknown
2022-01-14,23,6,17,17,0,private,Unknown
2022-01-15,17,5,12,12,0,private,Unknown
2022-01-16,28,5,23,23,0,private,Unknown
2022-01-17,52,24,28,26,2,private,Unknown
2022-01-18,35,15,20,20,0,private,Unknown
2022-01-19,36,18,18,17,1,private,Unknown
2022-01-20,38,20,18,18,0,private,Unknown
2022-01-21,33,21,12,11,1,private,Unknown
2022-01-22,33,24,9,9,0,private,Unknown
2022-01-23,21,10,11,11,0,private,Unknown
2022-01-24,53,26,27,26,1,private,Unknown
2022-01-25,51,21,30,27,3,private,Unknown
2022-01-26,47,25,22,19,3,private,Unknown
2022-01-27,28,19,9,7,2,private,Unknown
2022-01-28,32,12,20,18,2,private,Unknown
2022-01-29,24,16,8,8,0,private,Unknown
2022-01-30,37,21,16,16,0,private,Unknown
2022-01-31,29,18,11,11,0,private,Unknown
2022-02-01,46,29,17,13,4,private,Unknown
2022-02-02,40,24,16,16,0,private,Unknown
2022-02-03,30,20,10,8,2,private,Unknown
2022-02-04,29,19,10,7,3,private,Unknown
2022-02-05,23,10,13,12,1,private,Unknown
2022-02-06,18,11,7,5,2,private,Unknown
2022-02-07,26,15,11,9,2,private,Unknown
2022-02-08,21,12,9,7,2,private,Unknown
2022-02-09,22,12,10,8,2,private,Unknown
2022-02-10,24,12,12,8,4,private,Unknown
2022-02-11,9,6,3,2,1,private,Unknown
2022-02-12,13,9,4,4,0,private,Unknown
2022-02-13,13,8,5,5,0,private,Unknown
2022-02-14,23,9,14,12,2,private,Unknown
2022-02-15,17,11,6,6,0,private,Unknown
2022-02-16,16,6,10,4,6,private,Unknown
2022-02-17,21,9,12,8,4,private,Unknown
2022-02-18,9,5,4,3,1,private,Unknown
2022-02-19,11,7,4,1,3,private,Unknown
2022-02-20,8,2,6,3,3,private,Unknown
2022-02-21,7,4,3,3,0,private,Unknown
2022-02-22,23,9,14,6,8,private,Unknown
2022-02-23,13,7,6,3,3,private,Unknown
2022-02-24,8,4,4,1,3,private,Unknown
2022-02-25,8,2,6,5,1,private,Unknown
2022-02-26,8,4,4,4,0,private,Unknown
2022-02-27,4,1,3,0,3,private,Unknown
2022-02-28,22,12,10,1,9,private,Unknown
2022-03-01,21,9,12,7,5,private,Unknown
2022-03-02,19,14,5,2,3,private,Unknown
2022-03-03,14,3,11,3,8,private,Unknown
2022-03-04,11,6,5,2,3,private,Unknown
2022-03-05,7,2,5,2,3,private,Unknown
2022-03-06,14,8,6,1,5,private,Unknown
2022-03-07,22,11,11,2,9,private,Unknown
2022-03-08,21,8,13,1,12,private,Unknown
2022-03-09,35,22,13,2,11,private,Unknown
2022-03-10,29,17,12,3,9,private,Unknown
2022-03-11,25,6,19,1,18,private,Unknown
2022-03-12,30,9,21,2,19,private,Unknown
2022-03-13,23,12,11,0,11,private,Unknown
2022-03-14,31,20,11,2,9,private,Unknown
2022-03-15,32,23,9,1,8,private,Unknown
2022-03-16,39,20,19,1,18,private,Unknown
2022-03-17,47,31,16,1,15,private,Unknown
2022-03-18,36,20,16,0,16,private,Unknown
2022-03-19,20,16,4,0,4,private,Unknown
2022-03-20,26,14,12,1,11,private,Unknown
2022-03-21,49,36,13,0,13,private,Unknown
2022-03-22,39,23,16,1,15,private,Unknown
2022-03-23,45,29,16,1,15,private,Unknown
2022-03-24,43,33,10,0,10,private,Unknown
2022-03-25,38,37,1,1,0,private,Unknown
2022-03-26,34,27,7,0,7,private,Unknown
2022-03-27,21,18,3,0,3,private,Unknown
2022-03-28,51,43,8,0,8,private,Unknown
2022-03-29,44,38,6,1,5,private,Unknown
2022-03-30,42,36,6,0,6,private,Unknown
2022-03-31,17,17,0,0,0,private,Unknown
2022-04-01,22,16,6,1,5,private,Unknown
2022-04-02,7,7,0,0,0,private,Unknown
2022-04-03,3,3,0,0,0,private,Unknown
2022-04-04,6,6,0,0,0,private,Unknown
2022-04-05,2,2,0,0,0,private,Unknown
2022-04-06,1,1,0,0,0,private,Unknown
2022-04-07,2,1,1,0,1,private,Unknown
2022-04-08,4,4,0,0,0,private,Unknown
2022-04-11,1,1,0,0,0,private,Unknown
