region,age_group,date_specimen,non_omicron,unknown,omicron,total,total_seq,share_omicron
England,0-14,2021-11-17,2667,9867,0,12534,2667,0
England,0-14,2021-11-18,2128,9712,0,11840,2128,0
England,0-14,2021-11-19,1946,8681,0,10627,1946,0
England,0-14,2021-11-20,2008,8108,0,10116,2008,0
England,0-14,2021-11-21,2494,8648,0,11142,2494,0
England,0-14,2021-11-22,3289,12043,0,15332,3289,0
England,0-14,2021-11-23,2510,12249,0,14759,2510,0
England,0-14,2021-11-24,2787,10464,0,13251,2787,0
England,0-14,2021-11-25,2668,9117,1,11786,2669,3.748125937031484e-4
England,0-14,2021-11-26,2847,7813,3,10663,2850,0.001053740779768177
England,0-14,2021-11-27,2137,7217,2,9356,2139,9.358914365933552e-4
England,0-14,2021-11-28,2671,9083,1,11755,2672,3.7439161362785476e-4
England,0-14,2021-11-29,4720,11897,9,16626,4729,0.0019067796610169492
England,0-14,2021-11-30,3960,12297,3,16260,3963,7.575757575757576e-4
England,0-14,2021-12-01,3486,11415,6,14907,3492,0.0017211703958691911
England,0-14,2021-12-02,3431,9603,8,13042,3439,0.002331681725444477
England,0-14,2021-12-03,3525,8395,7,11927,3532,0.0019858156028368795
England,0-14,2021-12-04,2678,7599,19,10296,2697,0.007094846900672144
England,0-14,2021-12-05,2299,8806,20,11125,2319,0.008699434536755112
England,0-14,2021-12-06,3007,12845,76,15928,3083,0.02527435982707017
England,0-14,2021-12-07,2935,10934,56,13925,2991,0.019080068143100513
England,0-14,2021-12-08,2440,10846,57,13343,2497,0.02336065573770492
England,0-14,2021-12-09,2259,9836,95,12190,2354,0.04205400619743249
England,0-14,2021-12-10,2041,9041,170,11252,2211,0.08329250367466928
England,0-14,2021-12-11,1699,8920,226,10845,1925,0.13301942319011184
England,0-14,2021-12-12,1359,9375,315,11049,1674,0.23178807947019867
England,0-14,2021-12-13,1728,13102,609,15439,2337,0.3524305555555556
England,0-14,2021-12-14,1043,12651,514,14208,1557,0.4928092042186002
England,0-14,2021-12-15,1050,11476,650,13176,1700,0.6190476190476191
England,0-14,2021-12-16,836,10605,582,12023,1418,0.6961722488038278
England,0-14,2021-12-17,619,10046,679,11344,1298,1.0969305331179322
England,0-14,2021-12-18,689,9752,1307,11748,1996,1.8969521044992743
England,0-14,2021-12-19,431,10097,1377,11905,1808,3.194895591647332
England,0-14,2021-12-20,508,13619,1450,15577,1958,2.854330708661417
England,0-14,2021-12-21,329,13770,852,14951,1181,2.5896656534954405
England,0-14,2021-12-22,236,13591,957,14784,1193,4.055084745762712
England,0-14,2021-12-23,215,13547,1102,14864,1317,5.125581395348838
England,0-14,2021-12-24,117,11750,1111,12978,1228,9.495726495726496
England,0-14,2021-12-25,51,4994,781,5826,832,15.313725490196079
England,0-14,2021-12-26,122,9018,1261,10401,1383,10.336065573770492
England,0-14,2021-12-27,135,14197,1119,15451,1254,8.28888888888889
England,0-14,2021-12-28,48,15362,201,15611,249,4.1875
England,0-14,2021-12-29,92,18612,7,18711,99,0.07608695652173914
England,0-14,2021-12-30,36,16720,0,16756,36,0
England,0-14,2021-12-31,15,14338,0,14353,15,0
England,0-14,2022-01-01,16,10314,0,10330,16,0
England,0-14,2022-01-02,25,16417,0,16442,25,0
England,0-14,2022-01-03,13,21756,0,21769,13,0
England,0-14,2022-01-04,28,27649,0,27677,28,0
England,0-14,2022-01-05,5,27021,0,27026,5,0
England,0-14,2022-01-06,6,20941,0,20947,6,0
England,0-14,2022-01-07,0,12942,0,12942,0,NA
England,0-14,2022-01-08,0,11024,0,11024,0,NA
England,0-14,2022-01-09,0,6855,0,6855,0,NA
England,15-29,2021-11-17,1094,4293,1,5388,1095,9.140767824497258e-4
England,15-29,2021-11-18,882,4101,0,4983,882,0
England,15-29,2021-11-19,763,3657,0,4420,763,0
England,15-29,2021-11-20,758,3190,1,3949,759,0.0013192612137203166
England,15-29,2021-11-21,970,3176,1,4147,971,0.0010309278350515464
England,15-29,2021-11-22,1181,4431,1,5613,1182,8.46740050804403e-4
England,15-29,2021-11-23,882,4595,0,5477,882,0
England,15-29,2021-11-24,1043,4439,1,5483,1044,9.587727708533077e-4
England,15-29,2021-11-25,1106,4053,2,5161,1108,0.0018083182640144665
England,15-29,2021-11-26,1208,3364,5,4577,1213,0.0041390728476821195
England,15-29,2021-11-27,884,3089,3,3976,887,0.003393665158371041
England,15-29,2021-11-28,985,3578,0,4563,985,0
England,15-29,2021-11-29,1804,5057,5,6866,1809,0.002771618625277162
England,15-29,2021-11-30,1590,5319,13,6922,1603,0.008176100628930818
England,15-29,2021-12-01,1629,5500,24,7153,1653,0.014732965009208104
England,15-29,2021-12-02,1514,5052,44,6610,1558,0.02906208718626156
England,15-29,2021-12-03,1560,4586,53,6199,1613,0.03397435897435897
England,15-29,2021-12-04,1163,4032,87,5282,1250,0.07480653482373173
England,15-29,2021-12-05,923,4466,128,5517,1051,0.13867822318526543
England,15-29,2021-12-06,1416,7157,232,8805,1648,0.1638418079096045
England,15-29,2021-12-07,1354,7510,454,9318,1808,0.3353028064992615
England,15-29,2021-12-08,1128,8567,533,10228,1661,0.4725177304964539
England,15-29,2021-12-09,1195,8537,772,10504,1967,0.6460251046025105
England,15-29,2021-12-10,993,7819,1001,9813,1994,1.0080563947633434
England,15-29,2021-12-11,732,7598,888,9218,1620,1.2131147540983607
England,15-29,2021-12-12,565,9532,1366,11463,1931,2.4176991150442477
England,15-29,2021-12-13,717,17730,3096,21543,3813,4.317991631799163
England,15-29,2021-12-14,527,25213,3891,29631,4418,7.383301707779887
England,15-29,2021-12-15,522,27230,5465,33217,5987,10.469348659003831
England,15-29,2021-12-16,477,26698,3997,31172,4474,8.379454926624739
England,15-29,2021-12-17,334,23601,3434,27369,3768,10.281437125748504
England,15-29,2021-12-18,347,19461,4566,24374,4913,13.15850144092219
England,15-29,2021-12-19,208,18860,4299,23367,4507,20.66826923076923
England,15-29,2021-12-20,265,30788,4762,35815,5027,17.969811320754715
England,15-29,2021-12-21,170,37012,3382,40564,3552,19.894117647058824
England,15-29,2021-12-22,142,39255,3478,42875,3620,24.492957746478872
England,15-29,2021-12-23,115,36696,4197,41008,4312,36.495652173913044
England,15-29,2021-12-24,78,29312,3364,32754,3442,43.12820512820513
England,15-29,2021-12-25,38,13628,2381,16047,2419,62.6578947368421
England,15-29,2021-12-26,63,23139,3180,26382,3243,50.476190476190474
England,15-29,2021-12-27,79,38595,3151,41825,3230,39.88607594936709
England,15-29,2021-12-28,46,45885,637,46568,683,13.847826086956522
England,15-29,2021-12-29,69,62678,19,62766,88,0.2753623188405797
England,15-29,2021-12-30,28,51573,0,51601,28,0
England,15-29,2021-12-31,12,37545,0,37557,12,0
England,15-29,2022-01-01,13,24224,0,24237,13,0
England,15-29,2022-01-02,15,39962,0,39977,15,0
England,15-29,2022-01-03,26,53202,0,53228,26,0
England,15-29,2022-01-04,21,65124,0,65145,21,0
England,15-29,2022-01-05,5,48759,0,48764,5,0
England,15-29,2022-01-06,2,34719,0,34721,2,0
England,15-29,2022-01-07,0,19428,0,19428,0,NA
England,15-29,2022-01-08,0,12736,0,12736,0,NA
England,15-29,2022-01-09,0,5810,0,5810,0,NA
England,30-44,2021-11-17,1864,6786,0,8650,1864,0
England,30-44,2021-11-18,1593,7139,0,8732,1593,0
England,30-44,2021-11-19,1375,6209,0,7584,1375,0
England,30-44,2021-11-20,1375,5458,0,6833,1375,0
England,30-44,2021-11-21,1695,5490,0,7185,1695,0
England,30-44,2021-11-22,2066,7416,1,9483,2067,4.84027105517909e-4
England,30-44,2021-11-23,1484,7911,0,9395,1484,0
England,30-44,2021-11-24,1889,7494,0,9383,1889,0
England,30-44,2021-11-25,2148,6929,4,9081,2152,0.00186219739292365
England,30-44,2021-11-26,2167,5965,1,8133,2168,4.6146746654360867e-4
England,30-44,2021-11-27,1578,5273,3,6854,1581,0.0019011406844106464
England,30-44,2021-11-28,1934,6017,1,7952,1935,5.17063081695967e-4
England,30-44,2021-11-29,3056,7883,11,10950,3067,0.003599476439790576
England,30-44,2021-11-30,2798,8485,20,11303,2818,0.007147962830593281
England,30-44,2021-12-01,2717,8928,19,11664,2736,0.006993006993006993
England,30-44,2021-12-02,2814,8152,19,10985,2833,0.006751954513148543
England,30-44,2021-12-03,2834,6784,34,9652,2868,0.011997177134791814
England,30-44,2021-12-04,1973,6262,48,8283,2021,0.024328433857070453
England,30-44,2021-12-05,1861,6803,79,8743,1940,0.04245029554003224
England,30-44,2021-12-06,2320,9909,166,12395,2486,0.07155172413793104
England,30-44,2021-12-07,2214,9412,285,11911,2499,0.12872628726287264
England,30-44,2021-12-08,2046,10825,332,13203,2378,0.16226783968719452
England,30-44,2021-12-09,1991,10331,440,12762,2431,0.22099447513812154
England,30-44,2021-12-10,1820,9345,640,11805,2460,0.3516483516483517
England,30-44,2021-12-11,1334,8936,685,10955,2019,0.5134932533733133
England,30-44,2021-12-12,1102,10014,1026,12142,2128,0.9310344827586207
England,30-44,2021-12-13,1295,16421,2334,20050,3629,1.8023166023166024
England,30-44,2021-12-14,809,21810,2637,25256,3446,3.2595797280593324
England,30-44,2021-12-15,951,23489,3773,28213,4724,3.9674027339642484
England,30-44,2021-12-16,767,22411,2631,25809,3398,3.4302477183833116
England,30-44,2021-12-17,537,19907,2357,22801,2894,4.389199255121043
England,30-44,2021-12-18,583,16497,3507,20587,4090,6.015437392795883
England,30-44,2021-12-19,376,16425,3561,20362,3937,9.470744680851064
England,30-44,2021-12-20,414,26793,3867,31074,4281,9.340579710144928
England,30-44,2021-12-21,296,32581,2939,35816,3235,9.929054054054054
England,30-44,2021-12-22,193,35233,3265,38691,3458,16.917098445595855
England,30-44,2021-12-23,180,33506,3812,37498,3992,21.177777777777777
England,30-44,2021-12-24,144,28593,3317,32054,3461,23.03472222222222
England,30-44,2021-12-25,72,13933,2648,16653,2720,36.77777777777778
England,30-44,2021-12-26,129,23968,3445,27542,3574,26.705426356589147
England,30-44,2021-12-27,106,38508,3296,41910,3402,31.09433962264151
England,30-44,2021-12-28,57,43166,610,43833,667,10.701754385964913
England,30-44,2021-12-29,118,55014,16,55148,134,0.13559322033898305
England,30-44,2021-12-30,42,47602,0,47644,42,0
England,30-44,2021-12-31,25,37473,0,37498,25,0
England,30-44,2022-01-01,15,23866,0,23881,15,0
England,30-44,2022-01-02,21,36040,0,36061,21,0
England,30-44,2022-01-03,20,46183,0,46203,20,0
England,30-44,2022-01-04,28,52167,0,52195,28,0
England,30-44,2022-01-05,8,38298,0,38306,8,0
England,30-44,2022-01-06,4,29300,0,29304,4,0
England,30-44,2022-01-07,0,18186,0,18186,0,NA
England,30-44,2022-01-08,0,12993,0,12993,0,NA
England,30-44,2022-01-09,0,6243,0,6243,0,NA
England,45-59,2021-11-17,1428,5581,0,7009,1428,0
England,45-59,2021-11-18,1289,5775,0,7064,1289,0
England,45-59,2021-11-19,1130,5209,0,6339,1130,0
England,45-59,2021-11-20,1110,4359,0,5469,1110,0
England,45-59,2021-11-21,1228,4532,0,5760,1228,0
England,45-59,2021-11-22,1612,5871,1,7484,1613,6.203473945409429e-4
England,45-59,2021-11-23,1090,5823,0,6913,1090,0
England,45-59,2021-11-24,1376,5775,0,7151,1376,0
England,45-59,2021-11-25,1522,5267,1,6790,1523,6.57030223390276e-4
England,45-59,2021-11-26,1714,4544,1,6259,1715,5.834305717619603e-4
England,45-59,2021-11-27,1103,4041,6,5150,1109,0.005439709882139619
England,45-59,2021-11-28,1499,4669,6,6174,1505,0.004002668445630421
England,45-59,2021-11-29,2305,5943,1,8249,2306,4.338394793926247e-4
England,45-59,2021-11-30,1887,6207,12,8106,1899,0.006359300476947536
England,45-59,2021-12-01,1947,6573,12,8532,1959,0.0061633281972265025
England,45-59,2021-12-02,1945,5644,18,7607,1963,0.009254498714652956
England,45-59,2021-12-03,1884,4942,22,6848,1906,0.01167728237791932
England,45-59,2021-12-04,1383,4333,26,5742,1409,0.018799710773680405
England,45-59,2021-12-05,1317,4679,44,6040,1361,0.033409263477600606
England,45-59,2021-12-06,1559,6536,83,8178,1642,0.05323925593329057
England,45-59,2021-12-07,1513,5952,136,7601,1649,0.0898876404494382
England,45-59,2021-12-08,1232,6589,180,8001,1412,0.1461038961038961
England,45-59,2021-12-09,1336,6518,189,8043,1525,0.14146706586826346
England,45-59,2021-12-10,1101,5445,337,6883,1438,0.3060853769300636
England,45-59,2021-12-11,853,5166,404,6423,1257,0.47362250879249707
England,45-59,2021-12-12,703,5666,522,6891,1225,0.7425320056899004
England,45-59,2021-12-13,785,8866,1070,10721,1855,1.3630573248407643
England,45-59,2021-12-14,499,10045,1205,11749,1704,2.414829659318637
England,45-59,2021-12-15,542,11563,1804,13909,2346,3.3284132841328415
England,45-59,2021-12-16,474,11575,1397,13446,1871,2.9472573839662446
England,45-59,2021-12-17,349,10930,1390,12669,1739,3.982808022922636
England,45-59,2021-12-18,295,9147,2274,11716,2569,7.708474576271186
England,45-59,2021-12-19,187,9725,2212,12124,2399,11.828877005347593
England,45-59,2021-12-20,226,15540,2498,18264,2724,11.053097345132743
England,45-59,2021-12-21,146,18671,1777,20594,1923,12.17123287671233
England,45-59,2021-12-22,97,20455,1913,22465,2010,19.721649484536083
England,45-59,2021-12-23,105,20967,2332,23404,2437,22.20952380952381
England,45-59,2021-12-24,62,18551,2271,20884,2333,36.62903225806452
England,45-59,2021-12-25,27,9695,2005,11727,2032,74.25925925925925
England,45-59,2021-12-26,52,15791,2318,18161,2370,44.57692307692308
England,45-59,2021-12-27,60,26947,2342,29349,2402,39.03333333333333
England,45-59,2021-12-28,32,31956,430,32418,462,13.4375
England,45-59,2021-12-29,53,41945,16,42014,69,0.3018867924528302
England,45-59,2021-12-30,16,35966,0,35982,16,0
England,45-59,2021-12-31,10,29589,0,29599,10,0
England,45-59,2022-01-01,6,18733,0,18739,6,0
England,45-59,2022-01-02,12,27199,0,27211,12,0
England,45-59,2022-01-03,7,34555,0,34562,7,0
England,45-59,2022-01-04,8,40673,0,40681,8,0
England,45-59,2022-01-05,4,29247,0,29251,4,0
England,45-59,2022-01-06,1,21854,0,21855,1,0
England,45-59,2022-01-07,0,14131,0,14131,0,NA
England,45-59,2022-01-08,0,10151,0,10151,0,NA
England,45-59,2022-01-09,0,5159,0,5159,0,NA
England,60-74,2021-11-17,423,1780,0,2203,423,0
England,60-74,2021-11-18,351,1812,0,2163,351,0
England,60-74,2021-11-19,355,1657,0,2012,355,0
England,60-74,2021-11-20,316,1373,0,1689,316,0
England,60-74,2021-11-21,323,1288,0,1611,323,0
England,60-74,2021-11-22,416,1748,0,2164,416,0
England,60-74,2021-11-23,280,1604,0,1884,280,0
England,60-74,2021-11-24,366,1608,0,1974,366,0
England,60-74,2021-11-25,388,1494,0,1882,388,0
England,60-74,2021-11-26,422,1218,0,1640,422,0
England,60-74,2021-11-27,236,1032,0,1268,236,0
England,60-74,2021-11-28,335,1066,0,1401,335,0
England,60-74,2021-11-29,546,1427,1,1974,547,0.0018315018315018315
England,60-74,2021-11-30,436,1434,5,1875,441,0.011467889908256881
England,60-74,2021-12-01,400,1445,5,1850,405,0.0125
England,60-74,2021-12-02,457,1370,5,1832,462,0.010940919037199124
England,60-74,2021-12-03,418,1245,2,1665,420,0.004784688995215311
England,60-74,2021-12-04,303,993,1,1297,304,0.0033003300330033004
England,60-74,2021-12-05,236,934,7,1177,243,0.029661016949152543
England,60-74,2021-12-06,344,1548,17,1909,361,0.04941860465116279
England,60-74,2021-12-07,341,1283,17,1641,358,0.04985337243401759
England,60-74,2021-12-08,247,1315,42,1604,289,0.1700404858299595
England,60-74,2021-12-09,253,1368,50,1671,303,0.1976284584980237
England,60-74,2021-12-10,243,1270,78,1591,321,0.32098765432098764
England,60-74,2021-12-11,175,1166,82,1423,257,0.4685714285714286
England,60-74,2021-12-12,137,1164,113,1414,250,0.8248175182481752
England,60-74,2021-12-13,158,1871,210,2239,368,1.3291139240506329
England,60-74,2021-12-14,105,2117,240,2462,345,2.2857142857142856
England,60-74,2021-12-15,110,2589,420,3119,530,3.8181818181818183
England,60-74,2021-12-16,110,3027,353,3490,463,3.209090909090909
England,60-74,2021-12-17,85,2933,351,3369,436,4.129411764705883
England,60-74,2021-12-18,71,2662,638,3371,709,8.985915492957746
England,60-74,2021-12-19,44,2660,612,3316,656,13.909090909090908
England,60-74,2021-12-20,39,4475,708,5222,747,18.153846153846153
England,60-74,2021-12-21,46,5498,492,6036,538,10.695652173913043
England,60-74,2021-12-22,26,6281,568,6875,594,21.846153846153847
England,60-74,2021-12-23,20,6710,731,7461,751,36.55
England,60-74,2021-12-24,22,6686,863,7571,885,39.22727272727273
England,60-74,2021-12-25,12,3680,762,4454,774,63.5
England,60-74,2021-12-26,19,5748,847,6614,866,44.578947368421055
England,60-74,2021-12-27,17,10471,814,11302,831,47.88235294117647
England,60-74,2021-12-28,11,13553,163,13727,174,14.818181818181818
England,60-74,2021-12-29,18,19160,5,19183,23,0.2777777777777778
England,60-74,2021-12-30,6,16273,0,16279,6,0
England,60-74,2021-12-31,4,13623,0,13627,4,0
England,60-74,2022-01-01,2,8742,0,8744,2,0
England,60-74,2022-01-02,4,11250,0,11254,4,0
England,60-74,2022-01-03,3,14145,0,14148,3,0
England,60-74,2022-01-04,7,16990,0,16997,7,0
England,60-74,2022-01-05,0,12248,0,12248,0,NA
England,60-74,2022-01-06,1,9316,0,9317,1,0
England,60-74,2022-01-07,0,6272,0,6272,0,NA
England,60-74,2022-01-08,0,4471,0,4471,0,NA
England,60-74,2022-01-09,0,2344,0,2344,0,NA
England,75+,2021-11-17,79,242,0,321,79,0
England,75+,2021-11-18,41,268,0,309,41,0
England,75+,2021-11-19,52,221,0,273,52,0
England,75+,2021-11-20,32,142,0,174,32,0
England,75+,2021-11-21,24,149,0,173,24,0
England,75+,2021-11-22,80,269,1,350,81,0.0125
England,75+,2021-11-23,42,247,0,289,42,0
England,75+,2021-11-24,49,201,0,250,49,0
England,75+,2021-11-25,67,212,0,279,67,0
England,75+,2021-11-26,67,182,0,249,67,0
England,75+,2021-11-27,48,154,0,202,48,0
England,75+,2021-11-28,34,109,0,143,34,0
England,75+,2021-11-29,84,223,0,307,84,0
England,75+,2021-11-30,51,231,0,282,51,0
England,75+,2021-12-01,60,227,0,287,60,0
England,75+,2021-12-02,58,206,2,266,60,0.034482758620689655
England,75+,2021-12-03,56,220,1,277,57,0.017857142857142856
England,75+,2021-12-04,42,165,0,207,42,0
England,75+,2021-12-05,37,141,0,178,37,0
England,75+,2021-12-06,60,260,6,326,66,0.1
England,75+,2021-12-07,53,238,10,301,63,0.18867924528301888
England,75+,2021-12-08,55,244,4,303,59,0.07272727272727272
England,75+,2021-12-09,61,252,6,319,67,0.09836065573770492
England,75+,2021-12-10,46,270,8,324,54,0.17391304347826086
England,75+,2021-12-11,30,202,13,245,43,0.43333333333333335
England,75+,2021-12-12,25,199,18,242,43,0.72
England,75+,2021-12-13,39,373,48,460,87,1.2307692307692308
England,75+,2021-12-14,35,402,45,482,80,1.2857142857142858
England,75+,2021-12-15,22,508,71,601,93,3.227272727272727
England,75+,2021-12-16,29,587,85,701,114,2.9310344827586206
England,75+,2021-12-17,13,676,82,771,95,6.3076923076923075
England,75+,2021-12-18,19,575,143,737,162,7.526315789473684
England,75+,2021-12-19,10,644,132,786,142,13.2
England,75+,2021-12-20,24,1290,128,1442,152,5.333333333333333
England,75+,2021-12-21,8,1387,115,1510,123,14.375
England,75+,2021-12-22,5,1584,100,1689,105,20
England,75+,2021-12-23,10,1851,184,2045,194,18.4
England,75+,2021-12-24,6,1831,251,2088,257,41.833333333333336
England,75+,2021-12-25,1,894,157,1052,158,157
England,75+,2021-12-26,4,1606,185,1795,189,46.25
England,75+,2021-12-27,11,3367,211,3589,222,19.181818181818183
England,75+,2021-12-28,3,4363,26,4392,29,8.666666666666666
England,75+,2021-12-29,6,6394,1,6401,7,0.16666666666666666
England,75+,2021-12-30,1,5518,0,5519,1,0
England,75+,2021-12-31,2,4279,0,4281,2,0
England,75+,2022-01-01,2,2529,0,2531,2,0
England,75+,2022-01-02,1,3241,0,3242,1,0
England,75+,2022-01-03,0,4689,0,4689,0,NA
England,75+,2022-01-04,1,5709,0,5710,1,0
England,75+,2022-01-05,0,3831,0,3831,0,NA
England,75+,2022-01-06,0,2706,0,2706,0,NA
England,75+,2022-01-07,0,2017,0,2017,0,NA
England,75+,2022-01-08,0,1191,0,1191,0,NA
England,75+,2022-01-09,0,670,0,670,0,NA
England,Overall,2021-11-17,7555,28551,1,36107,7556,1.3236267372600927e-4
England,Overall,2021-11-18,6284,28810,0,35094,6284,0
England,Overall,2021-11-19,5621,25636,0,31257,5621,0
England,Overall,2021-11-20,5599,22630,1,28230,5600,1.786033220217896e-4
England,Overall,2021-11-21,6735,23284,1,30020,6736,1.4847809948032666e-4
England,Overall,2021-11-22,8644,31779,4,40427,8648,4.6274872744099955e-4
England,Overall,2021-11-23,6288,32429,0,38717,6288,0
England,Overall,2021-11-24,7512,29983,1,37496,7513,1.3312034078807243e-4
England,Overall,2021-11-25,7899,27074,8,34981,7907,0.001012786428661856
England,Overall,2021-11-26,8425,23086,10,31521,8435,0.0011869436201780415
England,Overall,2021-11-27,5986,20806,14,26806,6000,0.0023387905111927833
England,Overall,2021-11-28,7458,24524,8,31990,7466,0.0010726736390453205
England,Overall,2021-11-29,12515,32430,27,44972,12542,0.0021574111066719934
England,Overall,2021-11-30,10722,33974,53,44749,10775,0.0049431076291736615
England,Overall,2021-12-01,10239,34089,66,44394,10305,0.006445941986522121
England,Overall,2021-12-02,10219,30027,96,40342,10315,0.009394265583716607
England,Overall,2021-12-03,10277,26173,119,36569,10396,0.011579254646297558
England,Overall,2021-12-04,7542,23384,181,31107,7723,0.02399893927340228
England,Overall,2021-12-05,6673,25829,278,32780,6951,0.041660422598531394
England,Overall,2021-12-06,8706,38256,580,47542,9286,0.06662072134160349
England,Overall,2021-12-07,8410,35330,958,44698,9368,0.11391200951248513
England,Overall,2021-12-08,7148,38386,1148,46682,8296,0.16060436485730273
England,Overall,2021-12-09,7095,36842,1552,45489,8647,0.21874559548978154
England,Overall,2021-12-10,6244,33191,2234,41669,8478,0.3577834721332479
England,Overall,2021-12-11,4824,31988,2298,39110,7122,0.4763681592039801
England,Overall,2021-12-12,3891,35952,3360,43203,7251,0.8635312259059368
England,Overall,2021-12-13,4724,58368,7367,70459,12091,1.5594834885690094
England,Overall,2021-12-14,3018,72242,8532,83792,11550,2.827037773359841
England,Overall,2021-12-15,3197,76859,12183,92239,15380,3.8107600875821084
England,Overall,2021-12-16,2693,74903,9046,86642,11739,3.3590790939472708
England,Overall,2021-12-17,1937,68093,8293,78323,10230,4.281362932369643
England,Overall,2021-12-18,2004,58096,12435,72535,14439,6.205089820359281
England,Overall,2021-12-19,1256,58413,12194,71863,13450,9.70859872611465
England,Overall,2021-12-20,1476,92509,13413,107398,14889,9.08739837398374
England,Overall,2021-12-21,995,108923,9557,119475,10552,9.60502512562814
England,Overall,2021-12-22,699,116400,10281,127380,10980,14.708154506437769
England,Overall,2021-12-23,645,113278,12358,126281,13003,19.15968992248062
England,Overall,2021-12-24,429,96727,11177,108333,11606,26.053613053613052
England,Overall,2021-12-25,201,46826,8734,55761,8935,43.45273631840796
England,Overall,2021-12-26,389,79270,11236,90895,11625,28.884318766066837
England,Overall,2021-12-27,408,132086,10933,143427,11341,26.79656862745098
England,Overall,2021-12-28,197,154290,2067,156554,2264,10.49238578680203
England,Overall,2021-12-29,356,203811,64,204231,420,0.1797752808988764
England,Overall,2021-12-30,129,173659,0,173788,129,0
England,Overall,2021-12-31,68,136852,0,136920,68,0
England,Overall,2022-01-01,54,88409,0,88463,54,0
England,Overall,2022-01-02,78,134111,0,134189,78,0
England,Overall,2022-01-03,69,174534,0,174603,69,0
England,Overall,2022-01-04,93,208317,0,208410,93,0
England,Overall,2022-01-05,22,159406,0,159428,22,0
England,Overall,2022-01-06,14,118843,0,118857,14,0
England,Overall,2022-01-07,0,72979,0,72979,0,NA
England,Overall,2022-01-08,0,52567,0,52567,0,NA
England,Overall,2022-01-09,0,27082,0,27082,0,NA
East of England,0-14,2021-11-17,253,1395,0,1648,253,0
East of England,15-29,2021-11-17,92,518,0,610,92,0
East of England,30-44,2021-11-17,209,888,0,1097,209,0
East of England,45-59,2021-11-17,131,694,0,825,131,0
East of England,60-74,2021-11-17,24,237,0,261,24,0
East of England,75+,2021-11-17,8,30,0,38,8,0
East of England,0-14,2021-11-18,199,1244,0,1443,199,0
East of England,15-29,2021-11-18,81,503,0,584,81,0
East of England,30-44,2021-11-18,161,946,0,1107,161,0
East of England,45-59,2021-11-18,129,692,0,821,129,0
East of England,60-74,2021-11-18,38,221,0,259,38,0
East of England,75+,2021-11-18,4,22,0,26,4,0
East of England,0-14,2021-11-19,220,1131,0,1351,220,0
East of England,15-29,2021-11-19,81,466,0,547,81,0
East of England,30-44,2021-11-19,141,775,0,916,141,0
East of England,45-59,2021-11-19,100,605,0,705,100,0
East of England,60-74,2021-11-19,38,188,0,226,38,0
East of England,75+,2021-11-19,0,26,0,26,0,NA
East of England,0-14,2021-11-20,340,1020,0,1360,340,0
East of England,15-29,2021-11-20,115,354,1,470,116,0.008620689655172414
East of England,30-44,2021-11-20,255,680,0,935,255,0
East of England,45-59,2021-11-20,187,470,0,657,187,0
East of England,60-74,2021-11-20,44,138,0,182,44,0
East of England,75+,2021-11-20,7,18,0,25,7,0
East of England,0-14,2021-11-21,423,1101,0,1524,423,0
East of England,15-29,2021-11-21,142,389,1,532,143,0.006993006993006993
East of England,30-44,2021-11-21,248,607,0,855,248,0
East of England,45-59,2021-11-21,173,500,0,673,173,0
East of England,60-74,2021-11-21,43,154,0,197,43,0
East of England,75+,2021-11-21,3,16,0,19,3,0
East of England,0-14,2021-11-22,544,1564,0,2108,544,0
East of England,15-29,2021-11-22,164,512,0,676,164,0
East of England,30-44,2021-11-22,308,842,0,1150,308,0
East of England,45-59,2021-11-22,230,668,1,899,231,0.004329004329004329
East of England,60-74,2021-11-22,41,205,0,246,41,0
East of England,75+,2021-11-22,5,22,0,27,5,0
East of England,0-14,2021-11-23,300,1664,0,1964,300,0
East of England,15-29,2021-11-23,93,570,0,663,93,0
East of England,30-44,2021-11-23,190,1006,0,1196,190,0
East of England,45-59,2021-11-23,128,749,0,877,128,0
East of England,60-74,2021-11-23,33,194,0,227,33,0
East of England,75+,2021-11-23,2,22,0,24,2,0
East of England,0-14,2021-11-24,353,1469,0,1822,353,0
East of England,15-29,2021-11-24,107,546,0,653,107,0
East of England,30-44,2021-11-24,199,938,0,1137,199,0
East of England,45-59,2021-11-24,165,752,0,917,165,0
East of England,60-74,2021-11-24,46,224,0,270,46,0
East of England,75+,2021-11-24,4,25,0,29,4,0
East of England,0-14,2021-11-25,366,1163,0,1529,366,0
East of England,15-29,2021-11-25,110,504,0,614,110,0
East of England,30-44,2021-11-25,270,898,0,1168,270,0
East of England,45-59,2021-11-25,150,680,0,830,150,0
East of England,60-74,2021-11-25,46,150,0,196,46,0
East of England,75+,2021-11-25,8,31,0,39,8,0
East of England,0-14,2021-11-26,387,1063,0,1450,387,0
East of England,15-29,2021-11-26,114,422,1,537,115,0.008695652173913044
East of England,30-44,2021-11-26,246,776,1,1023,247,0.004048582995951417
East of England,45-59,2021-11-26,207,594,0,801,207,0
East of England,60-74,2021-11-26,42,146,0,188,42,0
East of England,75+,2021-11-26,6,23,0,29,6,0
East of England,0-14,2021-11-27,264,1039,0,1303,264,0
East of England,15-29,2021-11-27,107,371,0,478,107,0
East of England,30-44,2021-11-27,217,731,0,948,217,0
East of England,45-59,2021-11-27,145,563,1,709,146,0.00684931506849315
East of England,60-74,2021-11-27,22,144,0,166,22,0
East of England,75+,2021-11-27,2,15,0,17,2,0
East of England,0-14,2021-11-28,304,1407,0,1711,304,0
East of England,15-29,2021-11-28,100,459,0,559,100,0
East of England,30-44,2021-11-28,200,818,0,1018,200,0
East of England,45-59,2021-11-28,145,641,2,788,147,0.013605442176870748
East of England,60-74,2021-11-28,28,145,0,173,28,0
East of England,75+,2021-11-28,3,24,0,27,3,0
East of England,0-14,2021-11-29,494,1736,0,2230,494,0
East of England,15-29,2021-11-29,171,690,1,862,172,0.005813953488372093
East of England,30-44,2021-11-29,271,1085,0,1356,271,0
East of England,45-59,2021-11-29,191,805,0,996,191,0
East of England,60-74,2021-11-29,51,207,0,258,51,0
East of England,75+,2021-11-29,3,36,0,39,3,0
East of England,0-14,2021-11-30,461,1856,0,2317,461,0
East of England,15-29,2021-11-30,136,653,2,791,138,0.014492753623188406
East of England,30-44,2021-11-30,307,1217,3,1527,310,0.00967741935483871
East of England,45-59,2021-11-30,211,880,1,1092,212,0.0047169811320754715
East of England,60-74,2021-11-30,28,189,1,218,29,0.034482758620689655
East of England,75+,2021-11-30,7,25,0,32,7,0
East of England,0-14,2021-12-01,380,1717,1,2098,381,0.0026246719160104987
East of England,15-29,2021-12-01,150,730,1,881,151,0.006622516556291391
East of England,30-44,2021-12-01,282,1244,1,1527,283,0.0035335689045936395
East of England,45-59,2021-12-01,170,946,2,1118,172,0.011627906976744186
East of England,60-74,2021-12-01,46,187,0,233,46,0
East of England,75+,2021-12-01,3,21,0,24,3,0
East of England,0-14,2021-12-02,355,1482,0,1837,355,0
East of England,15-29,2021-12-02,167,644,8,819,175,0.045714285714285714
East of England,30-44,2021-12-02,327,1113,2,1442,329,0.0060790273556231
East of England,45-59,2021-12-02,184,818,4,1006,188,0.02127659574468085
East of England,60-74,2021-12-02,38,165,1,204,39,0.02564102564102564
East of England,75+,2021-12-02,2,28,0,30,2,0
East of England,0-14,2021-12-03,438,1235,0,1673,438,0
East of England,15-29,2021-12-03,179,590,6,775,185,0.032432432432432434
East of England,30-44,2021-12-03,353,906,5,1264,358,0.013966480446927373
East of England,45-59,2021-12-03,206,692,5,903,211,0.023696682464454975
East of England,60-74,2021-12-03,42,151,0,193,42,0
East of England,75+,2021-12-03,6,30,0,36,6,0
East of England,0-14,2021-12-04,417,996,4,1417,421,0.009501187648456057
East of England,15-29,2021-12-04,178,447,18,643,196,0.09183673469387756
East of England,30-44,2021-12-04,350,718,4,1072,354,0.011299435028248588
East of England,45-59,2021-12-04,249,479,6,734,255,0.023529411764705882
East of England,60-74,2021-12-04,43,109,0,152,43,0
East of England,75+,2021-12-04,6,22,0,28,6,0
East of England,0-14,2021-12-05,400,1162,9,1571,409,0.022004889975550123
East of England,15-29,2021-12-05,142,516,24,682,166,0.14457831325301204
East of England,30-44,2021-12-05,296,772,15,1083,311,0.04823151125401929
East of England,45-59,2021-12-05,200,542,10,752,210,0.047619047619047616
East of England,60-74,2021-12-05,38,111,1,150,39,0.02564102564102564
East of England,75+,2021-12-05,3,10,0,13,3,0
East of England,0-14,2021-12-06,419,1726,11,2156,430,0.02558139534883721
East of England,15-29,2021-12-06,188,850,42,1080,230,0.1826086956521739
East of England,30-44,2021-12-06,300,1220,26,1546,326,0.07975460122699386
East of England,45-59,2021-12-06,226,853,11,1090,237,0.046413502109704644
East of England,60-74,2021-12-06,41,169,2,212,43,0.046511627906976744
East of England,75+,2021-12-06,5,21,0,26,5,0
East of England,0-14,2021-12-07,360,1647,18,2025,378,0.047619047619047616
East of England,15-29,2021-12-07,133,956,59,1148,192,0.3072916666666667
East of England,30-44,2021-12-07,254,1255,39,1548,293,0.13310580204778158
East of England,45-59,2021-12-07,171,806,30,1007,201,0.14925373134328357
East of England,60-74,2021-12-07,38,157,0,195,38,0
East of England,75+,2021-12-07,2,38,0,40,2,0
East of England,0-14,2021-12-08,190,1719,11,1920,201,0.05472636815920398
East of England,15-29,2021-12-08,94,1017,45,1156,139,0.3237410071942446
East of England,30-44,2021-12-08,150,1495,29,1674,179,0.16201117318435754
East of England,45-59,2021-12-08,91,973,14,1078,105,0.13333333333333333
East of England,60-74,2021-12-08,14,153,7,174,21,0.3333333333333333
East of England,75+,2021-12-08,4,30,0,34,4,0
East of England,0-14,2021-12-09,228,1568,23,1819,251,0.09163346613545817
East of England,15-29,2021-12-09,127,1050,49,1226,176,0.2784090909090909
East of England,30-44,2021-12-09,190,1357,47,1594,237,0.19831223628691982
East of England,45-59,2021-12-09,119,929,27,1075,146,0.18493150684931506
East of England,60-74,2021-12-09,24,199,4,227,28,0.14285714285714285
East of England,75+,2021-12-09,6,45,0,51,6,0
East of England,0-14,2021-12-10,188,1465,19,1672,207,0.09178743961352658
East of England,15-29,2021-12-10,105,956,79,1140,184,0.42934782608695654
East of England,30-44,2021-12-10,166,1266,60,1492,226,0.26548672566371684
East of England,45-59,2021-12-10,86,833,43,962,129,0.3333333333333333
East of England,60-74,2021-12-10,9,181,8,198,17,0.47058823529411764
East of England,75+,2021-12-10,7,33,0,40,7,0
East of England,0-14,2021-12-11,203,1454,47,1704,250,0.188
East of England,15-29,2021-12-11,92,953,89,1134,181,0.49171270718232046
East of England,30-44,2021-12-11,178,1222,81,1481,259,0.3127413127413127
East of England,45-59,2021-12-11,112,743,69,924,181,0.3812154696132597
East of England,60-74,2021-12-11,17,167,8,192,25,0.32
East of England,75+,2021-12-11,1,22,1,24,2,0.5
East of England,0-14,2021-12-12,219,1415,62,1696,281,0.2206405693950178
East of England,15-29,2021-12-12,67,1134,130,1331,197,0.6598984771573604
East of England,30-44,2021-12-12,172,1265,140,1577,312,0.44871794871794873
East of England,45-59,2021-12-12,89,808,80,977,169,0.47337278106508873
East of England,60-74,2021-12-12,25,164,14,203,39,0.358974358974359
East of England,75+,2021-12-12,3,12,1,16,4,0.25
East of England,0-14,2021-12-13,217,2049,86,2352,303,0.2838283828382838
East of England,15-29,2021-12-13,86,2069,267,2422,353,0.7563739376770539
East of England,30-44,2021-12-13,169,2112,250,2531,419,0.5966587112171837
East of England,45-59,2021-12-13,104,1215,113,1432,217,0.5207373271889401
East of England,60-74,2021-12-13,19,263,21,303,40,0.525
East of England,75+,2021-12-13,5,37,5,47,10,0.5
East of England,0-14,2021-12-14,124,2035,81,2240,205,0.3951219512195122
East of England,15-29,2021-12-14,64,2864,366,3294,430,0.8511627906976744
East of England,30-44,2021-12-14,114,2853,293,3260,407,0.7199017199017199
East of England,45-59,2021-12-14,66,1492,160,1718,226,0.7079646017699115
East of England,60-74,2021-12-14,15,293,37,345,52,0.7115384615384616
East of England,75+,2021-12-14,1,50,8,59,9,0.8888888888888888
East of England,0-14,2021-12-15,137,1849,67,2053,204,0.3284313725490196
East of England,15-29,2021-12-15,63,3257,414,3734,477,0.8679245283018868
East of England,30-44,2021-12-15,85,3135,317,3537,402,0.7885572139303483
East of England,45-59,2021-12-15,64,1855,175,2094,239,0.7322175732217573
East of England,60-74,2021-12-15,10,355,31,396,41,0.7560975609756098
East of England,75+,2021-12-15,4,61,5,70,9,0.5555555555555556
East of England,0-14,2021-12-16,64,1780,51,1895,115,0.4434782608695652
East of England,15-29,2021-12-16,48,3211,284,3543,332,0.8554216867469879
East of England,30-44,2021-12-16,46,2925,207,3178,253,0.8181818181818182
East of England,45-59,2021-12-16,32,1749,109,1890,141,0.7730496453900709
East of England,60-74,2021-12-16,12,490,33,535,45,0.7333333333333333
East of England,75+,2021-12-16,5,91,7,103,12,0.5833333333333334
East of England,0-14,2021-12-17,35,1616,66,1717,101,0.6534653465346535
East of England,15-29,2021-12-17,13,2829,198,3040,211,0.9383886255924171
East of England,30-44,2021-12-17,24,2677,148,2849,172,0.8604651162790697
East of England,45-59,2021-12-17,12,1680,96,1788,108,0.8888888888888888
East of England,60-74,2021-12-17,4,472,25,501,29,0.8620689655172413
East of England,75+,2021-12-17,0,103,9,112,9,1
East of England,0-14,2021-12-18,50,1636,134,1820,184,0.7282608695652174
East of England,15-29,2021-12-18,38,2425,277,2740,315,0.8793650793650793
East of England,30-44,2021-12-18,48,2251,265,2564,313,0.8466453674121406
East of England,45-59,2021-12-18,21,1505,192,1718,213,0.9014084507042254
East of England,60-74,2021-12-18,8,440,52,500,60,0.8666666666666667
East of England,75+,2021-12-18,0,92,16,108,16,1
East of England,0-14,2021-12-19,38,1714,116,1868,154,0.7532467532467533
East of England,15-29,2021-12-19,23,2510,244,2777,267,0.9138576779026217
East of England,30-44,2021-12-19,42,2428,205,2675,247,0.8299595141700404
East of England,45-59,2021-12-19,19,1610,134,1763,153,0.8758169934640523
East of England,60-74,2021-12-19,3,418,32,453,35,0.9142857142857143
East of England,75+,2021-12-19,1,115,5,121,6,0.8333333333333334
East of England,0-14,2021-12-20,57,2240,105,2402,162,0.6481481481481481
East of England,15-29,2021-12-20,33,4031,242,4306,275,0.88
East of England,30-44,2021-12-20,49,3627,237,3913,286,0.8286713286713286
East of England,45-59,2021-12-20,27,2408,172,2607,199,0.864321608040201
East of England,60-74,2021-12-20,3,649,38,690,41,0.926829268292683
East of England,75+,2021-12-20,2,175,3,180,5,0.6
East of England,0-14,2021-12-21,6,2301,58,2365,64,0.90625
East of England,15-29,2021-12-21,4,4584,168,4756,172,0.9767441860465116
East of England,30-44,2021-12-21,6,4349,149,4504,155,0.9612903225806452
East of England,45-59,2021-12-21,1,2722,89,2812,90,0.9888888888888889
East of England,60-74,2021-12-21,3,774,30,807,33,0.9090909090909091
East of England,75+,2021-12-21,0,197,7,204,7,1
East of England,0-14,2021-12-22,10,2291,35,2336,45,0.7777777777777778
East of England,15-29,2021-12-22,5,4764,135,4904,140,0.9642857142857143
East of England,30-44,2021-12-22,4,4630,131,4765,135,0.9703703703703703
East of England,45-59,2021-12-22,5,2888,88,2981,93,0.946236559139785
East of England,60-74,2021-12-22,1,897,22,920,23,0.9565217391304348
East of England,75+,2021-12-22,0,191,2,193,2,1
East of England,0-14,2021-12-23,8,2231,68,2307,76,0.8947368421052632
East of England,15-29,2021-12-23,4,4586,161,4751,165,0.9757575757575757
East of England,30-44,2021-12-23,3,4418,137,4558,140,0.9785714285714285
East of England,45-59,2021-12-23,5,2992,97,3094,102,0.9509803921568627
East of England,60-74,2021-12-23,1,960,36,997,37,0.972972972972973
East of England,75+,2021-12-23,0,214,9,223,9,1
East of England,0-14,2021-12-24,9,1837,37,1883,46,0.8043478260869565
East of England,15-29,2021-12-24,4,3708,153,3865,157,0.9745222929936306
East of England,30-44,2021-12-24,4,3819,132,3955,136,0.9705882352941176
East of England,45-59,2021-12-24,0,2544,95,2639,95,1
East of England,60-74,2021-12-24,0,917,33,950,33,1
East of England,75+,2021-12-24,0,228,8,236,8,1
East of England,0-14,2021-12-25,7,843,27,877,34,0.7941176470588235
East of England,15-29,2021-12-25,3,1897,66,1966,69,0.9565217391304348
East of England,30-44,2021-12-25,6,1966,76,2048,82,0.926829268292683
East of England,45-59,2021-12-25,3,1385,43,1431,46,0.9347826086956522
East of England,60-74,2021-12-25,2,511,20,533,22,0.9090909090909091
East of England,75+,2021-12-25,0,114,5,119,5,1
East of England,0-14,2021-12-26,5,1385,39,1429,44,0.8863636363636364
East of England,15-29,2021-12-26,3,2883,55,2941,58,0.9482758620689655
East of England,30-44,2021-12-26,6,3262,59,3327,65,0.9076923076923077
East of England,45-59,2021-12-26,2,2194,43,2239,45,0.9555555555555556
East of England,60-74,2021-12-26,2,786,18,806,20,0.9
East of England,75+,2021-12-26,3,237,7,247,10,0.7
East of England,0-14,2021-12-27,8,2240,61,2309,69,0.8840579710144928
East of England,15-29,2021-12-27,6,4921,126,5053,132,0.9545454545454546
East of England,30-44,2021-12-27,1,4940,143,5084,144,0.9930555555555556
East of England,45-59,2021-12-27,3,3454,96,3553,99,0.9696969696969697
East of England,60-74,2021-12-27,0,1284,35,1319,35,1
East of England,75+,2021-12-27,0,419,7,426,7,1
East of England,0-14,2021-12-28,2,2134,18,2154,20,0.9
East of England,15-29,2021-12-28,8,5179,40,5227,48,0.8333333333333334
East of England,30-44,2021-12-28,3,5126,47,5176,50,0.94
East of England,45-59,2021-12-28,0,3753,26,3779,26,1
East of England,60-74,2021-12-28,1,1548,10,1559,11,0.9090909090909091
East of England,75+,2021-12-28,0,481,1,482,1,1
East of England,0-14,2021-12-29,3,2593,0,2596,3,0
East of England,15-29,2021-12-29,6,6907,0,6913,6,0
East of England,30-44,2021-12-29,12,6226,0,6238,12,0
East of England,45-59,2021-12-29,2,4750,1,4753,3,0.3333333333333333
East of England,60-74,2021-12-29,0,2260,0,2260,0,NA
East of England,75+,2021-12-29,1,741,0,742,1,0
East of England,0-14,2021-12-30,2,2337,0,2339,2,0
East of England,15-29,2021-12-30,4,5366,0,5370,4,0
East of England,30-44,2021-12-30,4,5260,0,5264,4,0
East of England,45-59,2021-12-30,0,3855,0,3855,0,NA
East of England,60-74,2021-12-30,0,1857,0,1857,0,NA
East of England,75+,2021-12-30,0,656,0,656,0,NA
East of England,0-14,2021-12-31,0,1995,0,1995,0,NA
East of England,15-29,2021-12-31,0,3801,0,3801,0,NA
East of England,30-44,2021-12-31,0,3974,0,3974,0,NA
East of England,45-59,2021-12-31,0,3172,0,3172,0,NA
East of England,60-74,2021-12-31,0,1510,0,1510,0,NA
East of England,75+,2021-12-31,0,517,0,517,0,NA
East of England,0-14,2022-01-01,0,1300,0,1300,0,NA
East of England,15-29,2022-01-01,0,2397,0,2397,0,NA
East of England,30-44,2022-01-01,0,2396,0,2396,0,NA
East of England,45-59,2022-01-01,0,1918,0,1918,0,NA
East of England,60-74,2022-01-01,0,951,0,951,0,NA
East of England,75+,2022-01-01,0,271,0,271,0,NA
East of England,0-14,2022-01-02,0,2027,0,2027,0,NA
East of England,15-29,2022-01-02,0,3998,0,3998,0,NA
East of England,30-44,2022-01-02,0,3647,0,3647,0,NA
East of England,45-59,2022-01-02,0,2757,0,2757,0,NA
East of England,60-74,2022-01-02,0,1216,0,1216,0,NA
East of England,75+,2022-01-02,0,334,0,334,0,NA
East of England,0-14,2022-01-03,0,2610,0,2610,0,NA
East of England,15-29,2022-01-03,0,5305,0,5305,0,NA
East of England,30-44,2022-01-03,0,4578,0,4578,0,NA
East of England,45-59,2022-01-03,0,3473,0,3473,0,NA
East of England,60-74,2022-01-03,0,1432,0,1432,0,NA
East of England,75+,2022-01-03,0,498,0,498,0,NA
East of England,0-14,2022-01-04,0,3051,0,3051,0,NA
East of England,15-29,2022-01-04,0,6634,0,6634,0,NA
East of England,30-44,2022-01-04,0,5235,0,5235,0,NA
East of England,45-59,2022-01-04,0,4011,0,4011,0,NA
East of England,60-74,2022-01-04,0,1729,0,1729,0,NA
East of England,75+,2022-01-04,0,641,0,641,0,NA
East of England,0-14,2022-01-05,0,2879,0,2879,0,NA
East of England,15-29,2022-01-05,0,4681,0,4681,0,NA
East of England,30-44,2022-01-05,0,3570,0,3570,0,NA
East of England,45-59,2022-01-05,0,2674,0,2674,0,NA
East of England,60-74,2022-01-05,0,1170,0,1170,0,NA
East of England,75+,2022-01-05,0,418,0,418,0,NA
East of England,0-14,2022-01-06,0,2574,0,2574,0,NA
East of England,15-29,2022-01-06,0,3829,0,3829,0,NA
East of England,30-44,2022-01-06,0,3216,0,3216,0,NA
East of England,45-59,2022-01-06,0,2252,0,2252,0,NA
East of England,60-74,2022-01-06,0,981,0,981,0,NA
East of England,75+,2022-01-06,0,302,0,302,0,NA
East of England,0-14,2022-01-07,0,1508,0,1508,0,NA
East of England,15-29,2022-01-07,0,2069,0,2069,0,NA
East of England,30-44,2022-01-07,0,2016,0,2016,0,NA
East of England,45-59,2022-01-07,0,1502,0,1502,0,NA
East of England,60-74,2022-01-07,0,588,0,588,0,NA
East of England,75+,2022-01-07,0,191,0,191,0,NA
East of England,0-14,2022-01-08,0,1381,0,1381,0,NA
East of England,15-29,2022-01-08,0,1457,0,1457,0,NA
East of England,30-44,2022-01-08,0,1515,0,1515,0,NA
East of England,45-59,2022-01-08,0,1135,0,1135,0,NA
East of England,60-74,2022-01-08,0,452,0,452,0,NA
East of England,75+,2022-01-08,0,129,0,129,0,NA
East of England,0-14,2022-01-09,0,839,0,839,0,NA
East of England,15-29,2022-01-09,0,635,0,635,0,NA
East of England,30-44,2022-01-09,0,719,0,719,0,NA
East of England,45-59,2022-01-09,0,588,0,588,0,NA
East of England,60-74,2022-01-09,0,264,0,264,0,NA
East of England,75+,2022-01-09,0,63,0,63,0,NA
London,0-14,2021-11-17,143,1107,0,1250,143,0
London,15-29,2021-11-17,104,733,1,838,105,0.009523809523809525
London,30-44,2021-11-17,150,1026,0,1176,150,0
London,45-59,2021-11-17,72,619,0,691,72,0
London,60-74,2021-11-17,21,128,0,149,21,0
London,75+,2021-11-17,2,21,0,23,2,0
London,0-14,2021-11-18,174,1111,0,1285,174,0
London,15-29,2021-11-18,101,692,0,793,101,0
London,30-44,2021-11-18,142,1024,0,1166,142,0
London,45-59,2021-11-18,82,661,0,743,82,0
London,60-74,2021-11-18,14,129,0,143,14,0
London,75+,2021-11-18,1,18,0,19,1,0
London,0-14,2021-11-19,142,1002,0,1144,142,0
London,15-29,2021-11-19,79,557,0,636,79,0
London,30-44,2021-11-19,145,864,0,1009,145,0
London,45-59,2021-11-19,85,588,0,673,85,0
London,60-74,2021-11-19,13,131,0,144,13,0
London,75+,2021-11-19,3,15,0,18,3,0
London,0-14,2021-11-20,230,904,0,1134,230,0
London,15-29,2021-11-20,107,485,0,592,107,0
London,30-44,2021-11-20,179,781,0,960,179,0
London,45-59,2021-11-20,92,481,0,573,92,0
London,60-74,2021-11-20,17,99,0,116,17,0
London,75+,2021-11-20,2,12,0,14,2,0
London,0-14,2021-11-21,280,956,0,1236,280,0
London,15-29,2021-11-21,130,471,0,601,130,0
London,30-44,2021-11-21,253,754,0,1007,253,0
London,45-59,2021-11-21,120,432,0,552,120,0
London,60-74,2021-11-21,26,91,0,117,26,0
London,75+,2021-11-21,3,18,0,21,3,0
London,0-14,2021-11-22,375,1340,0,1715,375,0
London,15-29,2021-11-22,184,723,1,908,185,0.005405405405405406
London,30-44,2021-11-22,270,1111,1,1382,271,0.0036900369003690036
London,45-59,2021-11-22,186,601,0,787,186,0
London,60-74,2021-11-22,29,147,0,176,29,0
London,75+,2021-11-22,12,26,0,38,12,0
London,0-14,2021-11-23,248,1443,0,1691,248,0
London,15-29,2021-11-23,136,785,0,921,136,0
London,30-44,2021-11-23,208,1141,0,1349,208,0
London,45-59,2021-11-23,110,609,0,719,110,0
London,60-74,2021-11-23,20,116,0,136,20,0
London,75+,2021-11-23,3,30,0,33,3,0
London,0-14,2021-11-24,309,1322,0,1631,309,0
London,15-29,2021-11-24,142,787,1,930,143,0.006993006993006993
London,30-44,2021-11-24,248,1189,0,1437,248,0
London,45-59,2021-11-24,141,653,0,794,141,0
London,60-74,2021-11-24,17,125,0,142,17,0
London,75+,2021-11-24,0,17,0,17,0,NA
London,0-14,2021-11-25,240,1239,0,1479,240,0
London,15-29,2021-11-25,118,776,1,895,119,0.008403361344537815
London,30-44,2021-11-25,239,1208,1,1448,240,0.004166666666666667
London,45-59,2021-11-25,108,659,0,767,108,0
London,60-74,2021-11-25,20,155,0,175,20,0
London,75+,2021-11-25,3,11,0,14,3,0
London,0-14,2021-11-26,283,1076,0,1359,283,0
London,15-29,2021-11-26,149,592,3,744,152,0.019736842105263157
London,30-44,2021-11-26,226,991,0,1217,226,0
London,45-59,2021-11-26,158,568,1,727,159,0.006289308176100629
London,60-74,2021-11-26,22,108,0,130,22,0
London,75+,2021-11-26,4,19,0,23,4,0
London,0-14,2021-11-27,295,1056,1,1352,296,0.0033783783783783786
London,15-29,2021-11-27,150,568,2,720,152,0.013157894736842105
London,30-44,2021-11-27,263,861,2,1126,265,0.007547169811320755
London,45-59,2021-11-27,144,480,3,627,147,0.02040816326530612
London,60-74,2021-11-27,23,97,0,120,23,0
London,75+,2021-11-27,9,12,0,21,9,0
London,0-14,2021-11-28,310,1108,1,1419,311,0.003215434083601286
London,15-29,2021-11-28,138,586,0,724,138,0
London,30-44,2021-11-28,235,877,0,1112,235,0
London,45-59,2021-11-28,158,470,2,630,160,0.0125
London,60-74,2021-11-28,32,86,0,118,32,0
London,75+,2021-11-28,0,12,0,12,0,NA
London,0-14,2021-11-29,524,1577,0,2101,524,0
London,15-29,2021-11-29,259,950,3,1212,262,0.011450381679389313
London,30-44,2021-11-29,437,1336,5,1778,442,0.011312217194570135
London,45-59,2021-11-29,275,693,1,969,276,0.0036231884057971015
London,60-74,2021-11-29,41,121,1,163,42,0.023809523809523808
London,75+,2021-11-29,9,25,0,34,9,0
London,0-14,2021-11-30,464,1631,0,2095,464,0
London,15-29,2021-11-30,266,972,6,1244,272,0.022058823529411766
London,30-44,2021-11-30,391,1338,5,1734,396,0.012626262626262626
London,45-59,2021-11-30,232,746,5,983,237,0.02109704641350211
London,60-74,2021-11-30,35,108,1,144,36,0.027777777777777776
London,75+,2021-11-30,3,24,0,27,3,0
London,0-14,2021-12-01,488,1581,2,2071,490,0.004081632653061225
London,15-29,2021-12-01,322,942,13,1277,335,0.03880597014925373
London,30-44,2021-12-01,442,1448,4,1894,446,0.008968609865470852
London,45-59,2021-12-01,279,771,3,1053,282,0.010638297872340425
London,60-74,2021-12-01,36,132,2,170,38,0.05263157894736842
London,75+,2021-12-01,6,24,0,30,6,0
London,0-14,2021-12-02,496,1299,4,1799,500,0.008
London,15-29,2021-12-02,254,926,19,1199,273,0.0695970695970696
London,30-44,2021-12-02,476,1388,6,1870,482,0.012448132780082987
London,45-59,2021-12-02,235,659,4,898,239,0.016736401673640166
London,60-74,2021-12-02,52,121,3,176,55,0.05454545454545454
London,75+,2021-12-02,4,16,1,21,5,0.2
London,0-14,2021-12-03,509,1116,3,1628,512,0.005859375
London,15-29,2021-12-03,277,882,23,1182,300,0.07666666666666666
London,30-44,2021-12-03,444,1194,8,1646,452,0.017699115044247787
London,45-59,2021-12-03,216,629,7,852,223,0.03139013452914798
London,60-74,2021-12-03,37,131,1,169,38,0.02631578947368421
London,75+,2021-12-03,11,21,1,33,12,0.08333333333333333
London,0-14,2021-12-04,513,984,12,1509,525,0.022857142857142857
London,15-29,2021-12-04,249,760,46,1055,295,0.15593220338983052
London,30-44,2021-12-04,429,974,25,1428,454,0.05506607929515418
London,45-59,2021-12-04,223,466,8,697,231,0.03463203463203463
London,60-74,2021-12-04,35,86,0,121,35,0
London,75+,2021-12-04,0,21,0,21,0,NA
London,0-14,2021-12-05,265,1194,5,1464,270,0.018518518518518517
London,15-29,2021-12-05,139,962,70,1171,209,0.3349282296650718
London,30-44,2021-12-05,264,1213,32,1509,296,0.10810810810810811
London,45-59,2021-12-05,107,648,14,769,121,0.11570247933884298
London,60-74,2021-12-05,22,94,2,118,24,0.08333333333333333
London,75+,2021-12-05,2,15,0,17,2,0
London,0-14,2021-12-06,290,1876,13,2179,303,0.0429042904290429
London,15-29,2021-12-06,165,1775,91,2031,256,0.35546875
London,30-44,2021-12-06,247,1914,61,2222,308,0.19805194805194806
London,45-59,2021-12-06,130,917,22,1069,152,0.14473684210526316
London,60-74,2021-12-06,23,189,7,219,30,0.23333333333333334
London,75+,2021-12-06,5,37,1,43,6,0.16666666666666666
London,0-14,2021-12-07,141,1694,17,1852,158,0.10759493670886076
London,15-29,2021-12-07,125,2355,186,2666,311,0.5980707395498392
London,30-44,2021-12-07,164,2144,104,2412,268,0.3880597014925373
London,45-59,2021-12-07,80,921,26,1027,106,0.24528301886792453
London,60-74,2021-12-07,16,174,2,192,18,0.1111111111111111
London,75+,2021-12-07,2,44,4,50,6,0.6666666666666666
London,0-14,2021-12-08,208,1502,15,1725,223,0.06726457399103139
London,15-29,2021-12-08,162,2689,251,3102,413,0.6077481840193705
London,30-44,2021-12-08,258,2449,146,2853,404,0.3613861386138614
London,45-59,2021-12-08,118,1000,57,1175,175,0.32571428571428573
London,60-74,2021-12-08,19,187,12,218,31,0.3870967741935484
London,75+,2021-12-08,3,43,1,47,4,0.25
London,0-14,2021-12-09,288,1364,40,1692,328,0.12195121951219512
London,15-29,2021-12-09,183,2619,388,3190,571,0.6795096322241682
London,30-44,2021-12-09,310,2386,207,2903,517,0.40038684719535783
London,45-59,2021-12-09,142,1090,79,1311,221,0.3574660633484163
London,60-74,2021-12-09,19,200,18,237,37,0.4864864864864865
London,75+,2021-12-09,5,31,2,38,7,0.2857142857142857
London,0-14,2021-12-10,377,1272,73,1722,450,0.1622222222222222
London,15-29,2021-12-10,221,2456,509,3186,730,0.6972602739726027
London,30-44,2021-12-10,352,2212,321,2885,673,0.4769687964338782
London,45-59,2021-12-10,177,836,122,1135,299,0.4080267558528428
London,60-74,2021-12-10,41,172,28,241,69,0.4057971014492754
London,75+,2021-12-10,9,28,2,39,11,0.18181818181818182
London,0-14,2021-12-11,185,1494,67,1746,252,0.26587301587301587
London,15-29,2021-12-11,83,2598,373,3054,456,0.8179824561403509
London,30-44,2021-12-11,131,2422,252,2805,383,0.6579634464751958
London,45-59,2021-12-11,67,974,99,1140,166,0.5963855421686747
London,60-74,2021-12-11,12,208,16,236,28,0.5714285714285714
London,75+,2021-12-11,2,39,2,43,4,0.5
London,0-14,2021-12-12,108,1626,109,1843,217,0.5023041474654378
London,15-29,2021-12-12,65,3559,460,4084,525,0.8761904761904762
London,30-44,2021-12-12,102,3103,425,3630,527,0.8064516129032258
London,45-59,2021-12-12,60,1173,133,1366,193,0.689119170984456
London,60-74,2021-12-12,4,247,32,283,36,0.8888888888888888
London,75+,2021-12-12,3,46,7,56,10,0.7
London,0-14,2021-12-13,166,2394,234,2794,400,0.585
London,15-29,2021-12-13,73,7000,1146,8219,1219,0.9401148482362592
London,30-44,2021-12-13,125,5595,905,6625,1030,0.8786407766990292
London,45-59,2021-12-13,67,1992,294,2353,361,0.814404432132964
London,60-74,2021-12-13,16,423,58,497,74,0.7837837837837838
London,75+,2021-12-13,4,87,8,99,12,0.6666666666666666
London,0-14,2021-12-14,73,2555,182,2810,255,0.7137254901960784
London,15-29,2021-12-14,45,10262,1214,11521,1259,0.9642573471008737
London,30-44,2021-12-14,72,7976,864,8912,936,0.9230769230769231
London,45-59,2021-12-14,44,2475,293,2812,337,0.8694362017804155
London,60-74,2021-12-14,4,516,62,582,66,0.9393939393939394
London,75+,2021-12-14,1,86,11,98,12,0.9166666666666666
London,0-14,2021-12-15,56,2336,192,2584,248,0.7741935483870968
London,15-29,2021-12-15,43,10303,1538,11884,1581,0.9728020240354206
London,30-44,2021-12-15,79,8317,1138,9534,1217,0.9350862777321282
London,45-59,2021-12-15,35,2842,370,3247,405,0.9135802469135802
London,60-74,2021-12-15,6,618,81,705,87,0.9310344827586207
London,75+,2021-12-15,0,97,16,113,16,1
London,0-14,2021-12-16,26,2410,159,2595,185,0.8594594594594595
London,15-29,2021-12-16,16,10303,906,11225,922,0.982646420824295
London,30-44,2021-12-16,33,8335,703,9071,736,0.9551630434782609
London,45-59,2021-12-16,23,3147,272,3442,295,0.9220338983050848
London,60-74,2021-12-16,4,772,59,835,63,0.9365079365079365
London,75+,2021-12-16,0,136,26,162,26,1
London,0-14,2021-12-17,25,2537,133,2695,158,0.8417721518987342
London,15-29,2021-12-17,15,8857,726,9598,741,0.979757085020243
London,30-44,2021-12-17,18,7427,561,8006,579,0.9689119170984456
London,45-59,2021-12-17,11,3065,235,3311,246,0.9552845528455285
London,60-74,2021-12-17,2,795,65,862,67,0.9701492537313433
London,75+,2021-12-17,0,153,6,159,6,1
London,0-14,2021-12-18,48,2569,297,2914,345,0.8608695652173913
London,15-29,2021-12-18,22,7383,887,8292,909,0.9757975797579758
London,30-44,2021-12-18,49,6322,848,7219,897,0.9453734671125975
London,45-59,2021-12-18,20,2742,426,3188,446,0.9551569506726457
London,60-74,2021-12-18,6,814,120,940,126,0.9523809523809523
London,75+,2021-12-18,1,155,29,185,30,0.9666666666666667
London,0-14,2021-12-19,25,2526,328,2879,353,0.9291784702549575
London,15-29,2021-12-19,8,6294,884,7186,892,0.9910313901345291
London,30-44,2021-12-19,25,5593,868,6486,893,0.9720044792833147
London,45-59,2021-12-19,6,2645,416,3067,422,0.985781990521327
London,60-74,2021-12-19,3,733,108,844,111,0.972972972972973
London,75+,2021-12-19,0,133,23,156,23,1
London,0-14,2021-12-20,22,3498,336,3856,358,0.9385474860335196
London,15-29,2021-12-20,30,9078,900,10008,930,0.967741935483871
London,30-44,2021-12-20,25,8477,848,9350,873,0.9713631156930126
London,45-59,2021-12-20,14,4051,445,4510,459,0.9694989106753813
London,60-74,2021-12-20,1,1209,134,1344,135,0.9925925925925926
London,75+,2021-12-20,1,353,22,376,23,0.9565217391304348
London,0-14,2021-12-21,4,3558,174,3736,178,0.9775280898876404
London,15-29,2021-12-21,4,10153,395,10552,399,0.9899749373433584
London,30-44,2021-12-21,5,9663,415,10083,420,0.9880952380952381
London,45-59,2021-12-21,6,4611,186,4803,192,0.96875
London,60-74,2021-12-21,0,1435,46,1481,46,1
London,75+,2021-12-21,0,342,11,353,11,1
London,0-14,2021-12-22,2,3166,318,3486,320,0.99375
London,15-29,2021-12-22,4,8807,847,9658,851,0.9952996474735605
London,30-44,2021-12-22,3,8407,922,9332,925,0.9967567567567568
London,45-59,2021-12-22,2,4198,472,4672,474,0.9957805907172996
London,60-74,2021-12-22,1,1414,138,1553,139,0.9928057553956835
London,75+,2021-12-22,0,371,25,396,25,1
London,0-14,2021-12-23,3,3168,193,3364,196,0.9846938775510204
London,15-29,2021-12-23,1,8324,601,8926,602,0.9983388704318937
London,30-44,2021-12-23,4,8280,641,8925,645,0.993798449612403
London,45-59,2021-12-23,3,4562,316,4881,319,0.9905956112852664
London,60-74,2021-12-23,0,1470,99,1569,99,1
London,75+,2021-12-23,1,403,24,428,25,0.96
London,0-14,2021-12-24,1,2297,296,2594,297,0.9966329966329966
London,15-29,2021-12-24,2,5691,675,6368,677,0.9970457902511078
London,30-44,2021-12-24,3,5981,748,6732,751,0.996005326231691
London,45-59,2021-12-24,4,3472,514,3990,518,0.9922779922779923
London,60-74,2021-12-24,0,1248,199,1447,199,1
London,75+,2021-12-24,0,327,56,383,56,1
London,0-14,2021-12-25,3,954,156,1113,159,0.9811320754716981
London,15-29,2021-12-25,1,2467,373,2841,374,0.9973262032085561
London,30-44,2021-12-25,7,2784,494,3285,501,0.9860279441117764
London,45-59,2021-12-25,1,1641,345,1987,346,0.9971098265895953
London,60-74,2021-12-25,0,614,142,756,142,1
London,75+,2021-12-25,0,161,24,185,24,1
London,0-14,2021-12-26,6,1703,224,1933,230,0.9739130434782609
London,15-29,2021-12-26,2,4576,481,5059,483,0.9958592132505176
London,30-44,2021-12-26,7,4642,591,5240,598,0.9882943143812709
London,45-59,2021-12-26,2,2881,377,3260,379,0.9947229551451188
London,60-74,2021-12-26,0,954,123,1077,123,1
London,75+,2021-12-26,0,244,26,270,26,1
London,0-14,2021-12-27,5,2472,136,2613,141,0.9645390070921985
London,15-29,2021-12-27,1,6995,337,7333,338,0.9970414201183432
London,30-44,2021-12-27,8,7486,413,7907,421,0.9809976247030879
London,45-59,2021-12-27,5,4630,243,4878,248,0.9798387096774194
London,60-74,2021-12-27,1,1800,93,1894,94,0.9893617021276596
London,75+,2021-12-27,2,584,23,609,25,0.92
London,0-14,2021-12-28,4,2501,27,2532,31,0.8709677419354839
London,15-29,2021-12-28,6,7441,59,7506,65,0.9076923076923077
London,30-44,2021-12-28,5,7618,77,7700,82,0.9390243902439024
London,45-59,2021-12-28,5,4800,49,4854,54,0.9074074074074074
London,60-74,2021-12-28,1,1915,25,1941,26,0.9615384615384616
London,75+,2021-12-28,0,675,3,678,3,1
London,0-14,2021-12-29,3,2845,0,2848,3,0
London,15-29,2021-12-29,5,10121,1,10127,6,0.16666666666666666
London,30-44,2021-12-29,3,10124,0,10127,3,0
London,45-59,2021-12-29,2,6468,0,6470,2,0
London,60-74,2021-12-29,1,2608,0,2609,1,0
London,75+,2021-12-29,0,828,0,828,0,NA
London,0-14,2021-12-30,3,2451,0,2454,3,0
London,15-29,2021-12-30,1,7398,0,7399,1,0
London,30-44,2021-12-30,2,7886,0,7888,2,0
London,45-59,2021-12-30,0,4935,0,4935,0,NA
London,60-74,2021-12-30,0,2086,0,2086,0,NA
London,75+,2021-12-30,0,792,0,792,0,NA
London,0-14,2021-12-31,0,1984,0,1984,0,NA
London,15-29,2021-12-31,0,5461,0,5461,0,NA
London,30-44,2021-12-31,0,5709,0,5709,0,NA
London,45-59,2021-12-31,0,3808,0,3808,0,NA
London,60-74,2021-12-31,0,1624,0,1624,0,NA
London,75+,2021-12-31,0,442,0,442,0,NA
London,0-14,2022-01-01,0,1403,0,1403,0,NA
London,15-29,2022-01-01,0,3249,0,3249,0,NA
London,30-44,2022-01-01,0,3439,0,3439,0,NA
London,45-59,2022-01-01,0,2262,0,2262,0,NA
London,60-74,2022-01-01,0,949,0,949,0,NA
London,75+,2022-01-01,0,256,0,256,0,NA
London,0-14,2022-01-02,0,2259,0,2259,0,NA
London,15-29,2022-01-02,0,5728,0,5728,0,NA
London,30-44,2022-01-02,0,5765,0,5765,0,NA
London,45-59,2022-01-02,0,3606,0,3606,0,NA
London,60-74,2022-01-02,0,1363,0,1363,0,NA
London,75+,2022-01-02,0,315,0,315,0,NA
London,0-14,2022-01-03,0,2938,0,2938,0,NA
London,15-29,2022-01-03,0,7333,0,7333,0,NA
London,30-44,2022-01-03,0,6861,0,6861,0,NA
London,45-59,2022-01-03,0,4107,0,4107,0,NA
London,60-74,2022-01-03,1,1596,0,1597,1,0
London,75+,2022-01-03,0,448,0,448,0,NA
London,0-14,2022-01-04,0,3685,0,3685,0,NA
London,15-29,2022-01-04,0,9024,0,9024,0,NA
London,30-44,2022-01-04,0,7685,0,7685,0,NA
London,45-59,2022-01-04,0,4795,0,4795,0,NA
London,60-74,2022-01-04,0,1718,0,1718,0,NA
London,75+,2022-01-04,0,563,0,563,0,NA
London,0-14,2022-01-05,0,3924,0,3924,0,NA
London,15-29,2022-01-05,0,6634,0,6634,0,NA
London,30-44,2022-01-05,0,5597,0,5597,0,NA
London,45-59,2022-01-05,0,3234,0,3234,0,NA
London,60-74,2022-01-05,0,1218,0,1218,0,NA
London,75+,2022-01-05,0,367,0,367,0,NA
London,0-14,2022-01-06,0,3401,0,3401,0,NA
London,15-29,2022-01-06,0,5729,0,5729,0,NA
London,30-44,2022-01-06,0,5044,0,5044,0,NA
London,45-59,2022-01-06,0,2929,0,2929,0,NA
London,60-74,2022-01-06,0,1057,0,1057,0,NA
London,75+,2022-01-06,0,314,0,314,0,NA
London,0-14,2022-01-07,0,2086,0,2086,0,NA
London,15-29,2022-01-07,0,3415,0,3415,0,NA
London,30-44,2022-01-07,0,3089,0,3089,0,NA
London,45-59,2022-01-07,0,1760,0,1760,0,NA
London,60-74,2022-01-07,0,732,0,732,0,NA
London,75+,2022-01-07,0,207,0,207,0,NA
London,0-14,2022-01-08,0,1629,0,1629,0,NA
London,15-29,2022-01-08,0,2230,0,2230,0,NA
London,30-44,2022-01-08,0,2192,0,2192,0,NA
London,45-59,2022-01-08,0,1418,0,1418,0,NA
London,60-74,2022-01-08,0,549,0,549,0,NA
London,75+,2022-01-08,0,125,0,125,0,NA
London,0-14,2022-01-09,0,738,0,738,0,NA
London,15-29,2022-01-09,0,835,0,835,0,NA
London,30-44,2022-01-09,0,819,0,819,0,NA
London,45-59,2022-01-09,0,487,0,487,0,NA
London,60-74,2022-01-09,0,194,0,194,0,NA
London,75+,2022-01-09,0,49,0,49,0,NA
Midlands,0-14,2021-11-17,624,1749,0,2373,624,0
Midlands,15-29,2021-11-17,285,791,0,1076,285,0
Midlands,30-44,2021-11-17,461,1132,0,1593,461,0
Midlands,45-59,2021-11-17,369,1026,0,1395,369,0
Midlands,60-74,2021-11-17,111,327,0,438,111,0
Midlands,75+,2021-11-17,26,56,0,82,26,0
Midlands,0-14,2021-11-18,518,1650,0,2168,518,0
Midlands,15-29,2021-11-18,207,718,0,925,207,0
Midlands,30-44,2021-11-18,409,1255,0,1664,409,0
Midlands,45-59,2021-11-18,313,1032,0,1345,313,0
Midlands,60-74,2021-11-18,87,350,0,437,87,0
Midlands,75+,2021-11-18,14,67,0,81,14,0
Midlands,0-14,2021-11-19,351,1624,0,1975,351,0
Midlands,15-29,2021-11-19,156,748,0,904,156,0
Midlands,30-44,2021-11-19,259,1172,0,1431,259,0
Midlands,45-59,2021-11-19,238,1039,0,1277,238,0
Midlands,60-74,2021-11-19,54,348,0,402,54,0
Midlands,75+,2021-11-19,13,51,0,64,13,0
Midlands,0-14,2021-11-20,319,1491,0,1810,319,0
Midlands,15-29,2021-11-20,144,641,0,785,144,0
Midlands,30-44,2021-11-20,235,1044,0,1279,235,0
Midlands,45-59,2021-11-20,171,888,0,1059,171,0
Midlands,60-74,2021-11-20,51,263,0,314,51,0
Midlands,75+,2021-11-20,7,33,0,40,7,0
Midlands,0-14,2021-11-21,694,1235,0,1929,694,0
Midlands,15-29,2021-11-21,295,526,0,821,295,0
Midlands,30-44,2021-11-21,492,890,0,1382,492,0
Midlands,45-59,2021-11-21,386,758,0,1144,386,0
Midlands,60-74,2021-11-21,100,196,0,296,100,0
Midlands,75+,2021-11-21,8,21,0,29,8,0
Midlands,0-14,2021-11-22,854,1896,0,2750,854,0
Midlands,15-29,2021-11-22,326,748,0,1074,326,0
Midlands,30-44,2021-11-22,557,1194,0,1751,557,0
Midlands,45-59,2021-11-22,424,1004,0,1428,424,0
Midlands,60-74,2021-11-22,127,290,0,417,127,0
Midlands,75+,2021-11-22,21,45,0,66,21,0
Midlands,0-14,2021-11-23,655,1980,0,2635,655,0
Midlands,15-29,2021-11-23,246,787,0,1033,246,0
Midlands,30-44,2021-11-23,334,1320,0,1654,334,0
Midlands,45-59,2021-11-23,286,962,0,1248,286,0
Midlands,60-74,2021-11-23,64,291,0,355,64,0
Midlands,75+,2021-11-23,12,43,0,55,12,0
Midlands,0-14,2021-11-24,717,1592,0,2309,717,0
Midlands,15-29,2021-11-24,262,824,0,1086,262,0
Midlands,30-44,2021-11-24,479,1218,0,1697,479,0
Midlands,45-59,2021-11-24,353,978,0,1331,353,0
Midlands,60-74,2021-11-24,86,285,0,371,86,0
Midlands,75+,2021-11-24,17,34,0,51,17,0
Midlands,0-14,2021-11-25,730,1331,0,2061,730,0
Midlands,15-29,2021-11-25,329,659,0,988,329,0
Midlands,30-44,2021-11-25,553,1055,3,1611,556,0.00539568345323741
Midlands,45-59,2021-11-25,443,790,0,1233,443,0
Midlands,60-74,2021-11-25,96,239,0,335,96,0
Midlands,75+,2021-11-25,19,41,0,60,19,0
Midlands,0-14,2021-11-26,655,1164,3,1822,658,0.004559270516717325
Midlands,15-29,2021-11-26,279,568,1,848,280,0.0035714285714285713
Midlands,30-44,2021-11-26,512,918,0,1430,512,0
Midlands,45-59,2021-11-26,405,753,0,1158,405,0
Midlands,60-74,2021-11-26,96,231,0,327,96,0
Midlands,75+,2021-11-26,18,35,0,53,18,0
Midlands,0-14,2021-11-27,380,1111,0,1491,380,0
Midlands,15-29,2021-11-27,153,554,1,708,154,0.006493506493506494
Midlands,30-44,2021-11-27,288,864,0,1152,288,0
Midlands,45-59,2021-11-27,211,708,2,921,213,0.009389671361502348
Midlands,60-74,2021-11-27,51,194,0,245,51,0
Midlands,75+,2021-11-27,7,36,0,43,7,0
Midlands,0-14,2021-11-28,328,1614,0,1942,328,0
Midlands,15-29,2021-11-28,141,721,0,862,141,0
Midlands,30-44,2021-11-28,247,1149,1,1397,248,0.004032258064516129
Midlands,45-59,2021-11-28,213,984,1,1198,214,0.004672897196261682
Midlands,60-74,2021-11-28,48,204,0,252,48,0
Midlands,75+,2021-11-28,8,18,0,26,8,0
Midlands,0-14,2021-11-29,844,2006,8,2858,852,0.009389671361502348
Midlands,15-29,2021-11-29,336,871,0,1207,336,0
Midlands,30-44,2021-11-29,562,1365,2,1929,564,0.0035460992907801418
Midlands,45-59,2021-11-29,429,1077,0,1506,429,0
Midlands,60-74,2021-11-29,101,270,0,371,101,0
Midlands,75+,2021-11-29,23,34,0,57,23,0
Midlands,0-14,2021-11-30,681,2064,1,2746,682,0.001466275659824047
Midlands,15-29,2021-11-30,287,1009,1,1297,288,0.003472222222222222
Midlands,30-44,2021-11-30,520,1476,5,2001,525,0.009523809523809525
Midlands,45-59,2021-11-30,364,1072,2,1438,366,0.00546448087431694
Midlands,60-74,2021-11-30,90,280,2,372,92,0.021739130434782608
Midlands,75+,2021-11-30,8,47,0,55,8,0
Midlands,0-14,2021-12-01,443,2057,1,2501,444,0.0022522522522522522
Midlands,15-29,2021-12-01,228,1071,4,1303,232,0.017241379310344827
Midlands,30-44,2021-12-01,358,1607,5,1970,363,0.013774104683195593
Midlands,45-59,2021-12-01,290,1265,1,1556,291,0.003436426116838488
Midlands,60-74,2021-12-01,56,264,0,320,56,0
Midlands,75+,2021-12-01,7,42,0,49,7,0
Midlands,0-14,2021-12-02,386,1937,1,2324,387,0.002583979328165375
Midlands,15-29,2021-12-02,187,960,4,1151,191,0.020942408376963352
Midlands,30-44,2021-12-02,313,1579,3,1895,316,0.00949367088607595
Midlands,45-59,2021-12-02,233,1204,4,1441,237,0.016877637130801686
Midlands,60-74,2021-12-02,47,311,0,358,47,0
Midlands,75+,2021-12-02,5,43,0,48,5,0
Midlands,0-14,2021-12-03,459,1701,2,2162,461,0.004338394793926247
Midlands,15-29,2021-12-03,223,878,5,1106,228,0.021929824561403508
Midlands,30-44,2021-12-03,375,1286,5,1666,380,0.013157894736842105
Midlands,45-59,2021-12-03,272,982,1,1255,273,0.003663003663003663
Midlands,60-74,2021-12-03,62,257,1,320,63,0.015873015873015872
Midlands,75+,2021-12-03,6,48,0,54,6,0
Midlands,0-14,2021-12-04,245,1632,2,1879,247,0.008097165991902834
Midlands,15-29,2021-12-04,127,837,5,969,132,0.03787878787878788
Midlands,30-44,2021-12-04,171,1318,6,1495,177,0.03389830508474576
Midlands,45-59,2021-12-04,133,1024,1,1158,134,0.007462686567164179
Midlands,60-74,2021-12-04,34,222,0,256,34,0
Midlands,75+,2021-12-04,3,43,0,46,3,0
Midlands,0-14,2021-12-05,232,1799,2,2033,234,0.008547008547008548
Midlands,15-29,2021-12-05,110,891,9,1010,119,0.07563025210084033
Midlands,30-44,2021-12-05,184,1354,6,1544,190,0.031578947368421054
Midlands,45-59,2021-12-05,128,989,7,1124,135,0.05185185185185185
Midlands,60-74,2021-12-05,24,195,1,220,25,0.04
Midlands,75+,2021-12-05,3,36,0,39,3,0
Midlands,0-14,2021-12-06,479,2431,5,2915,484,0.010330578512396695
Midlands,15-29,2021-12-06,245,1293,18,1556,263,0.06844106463878327
Midlands,30-44,2021-12-06,401,1772,7,2180,408,0.01715686274509804
Midlands,45-59,2021-12-06,203,1227,8,1438,211,0.037914691943127965
Midlands,60-74,2021-12-06,42,291,3,336,45,0.06666666666666667
Midlands,75+,2021-12-06,3,67,0,70,3,0
Midlands,0-14,2021-12-07,509,2124,7,2640,516,0.013565891472868217
Midlands,15-29,2021-12-07,243,1127,58,1428,301,0.19269102990033224
Midlands,30-44,2021-12-07,397,1585,28,2010,425,0.06588235294117648
Midlands,45-59,2021-12-07,264,1063,13,1340,277,0.04693140794223827
Midlands,60-74,2021-12-07,47,244,1,292,48,0.020833333333333332
Midlands,75+,2021-12-07,6,35,0,41,6,0
Midlands,0-14,2021-12-08,385,2117,8,2510,393,0.020356234096692113
Midlands,15-29,2021-12-08,174,1385,48,1607,222,0.21621621621621623
Midlands,30-44,2021-12-08,310,1800,26,2136,336,0.07738095238095238
Midlands,45-59,2021-12-08,186,1216,12,1414,198,0.06060606060606061
Midlands,60-74,2021-12-08,38,213,1,252,39,0.02564102564102564
Midlands,75+,2021-12-08,7,38,0,45,7,0
Midlands,0-14,2021-12-09,336,1862,12,2210,348,0.034482758620689655
Midlands,15-29,2021-12-09,210,1335,116,1661,326,0.3558282208588957
Midlands,30-44,2021-12-09,310,1761,52,2123,362,0.143646408839779
Midlands,45-59,2021-12-09,207,1133,19,1359,226,0.084070796460177
Midlands,60-74,2021-12-09,35,228,7,270,42,0.16666666666666666
Midlands,75+,2021-12-09,9,38,1,48,10,0.1
Midlands,0-14,2021-12-10,279,1769,15,2063,294,0.05102040816326531
Midlands,15-29,2021-12-10,136,1201,125,1462,261,0.4789272030651341
Midlands,30-44,2021-12-10,285,1538,62,1885,347,0.1786743515850144
Midlands,45-59,2021-12-10,160,966,43,1169,203,0.21182266009852216
Midlands,60-74,2021-12-10,29,221,6,256,35,0.17142857142857143
Midlands,75+,2021-12-10,7,40,1,48,8,0.125
Midlands,0-14,2021-12-11,286,1591,29,1906,315,0.09206349206349207
Midlands,15-29,2021-12-11,123,1178,104,1405,227,0.4581497797356828
Midlands,30-44,2021-12-11,199,1372,60,1631,259,0.23166023166023167
Midlands,45-59,2021-12-11,122,888,40,1050,162,0.24691358024691357
Midlands,60-74,2021-12-11,31,218,12,261,43,0.27906976744186046
Midlands,75+,2021-12-11,4,41,3,48,7,0.42857142857142855
Midlands,0-14,2021-12-12,174,1635,42,1851,216,0.19444444444444445
Midlands,15-29,2021-12-12,84,1317,293,1694,377,0.7771883289124668
Midlands,30-44,2021-12-12,150,1383,107,1640,257,0.4163424124513619
Midlands,45-59,2021-12-12,91,906,71,1068,162,0.4382716049382716
Midlands,60-74,2021-12-12,18,169,13,200,31,0.41935483870967744
Midlands,75+,2021-12-12,2,34,3,39,5,0.6
Midlands,0-14,2021-12-13,354,2185,78,2617,432,0.18055555555555555
Midlands,15-29,2021-12-13,157,2243,563,2963,720,0.7819444444444444
Midlands,30-44,2021-12-13,255,2019,279,2553,534,0.5224719101123596
Midlands,45-59,2021-12-13,165,1234,160,1559,325,0.49230769230769234
Midlands,60-74,2021-12-13,31,286,26,343,57,0.45614035087719296
Midlands,75+,2021-12-13,13,55,4,72,17,0.23529411764705882
Midlands,0-14,2021-12-14,193,1977,88,2258,281,0.31316725978647686
Midlands,15-29,2021-12-14,88,2892,831,3811,919,0.9042437431991295
Midlands,30-44,2021-12-14,141,2457,382,2980,523,0.7304015296367112
Midlands,45-59,2021-12-14,103,1284,180,1567,283,0.6360424028268551
Midlands,60-74,2021-12-14,16,291,31,338,47,0.6595744680851063
Midlands,75+,2021-12-14,6,55,7,68,13,0.5384615384615384
Midlands,0-14,2021-12-15,147,1924,128,2199,275,0.46545454545454545
Midlands,15-29,2021-12-15,85,3504,1181,4770,1266,0.9328593996840442
Midlands,30-44,2021-12-15,133,2871,688,3692,821,0.8380024360535931
Midlands,45-59,2021-12-15,70,1555,344,1969,414,0.8309178743961353
Midlands,60-74,2021-12-15,12,387,82,481,94,0.8723404255319149
Midlands,75+,2021-12-15,5,79,8,92,13,0.6153846153846154
Midlands,0-14,2021-12-16,142,1655,106,1903,248,0.4274193548387097
Midlands,15-29,2021-12-16,99,3410,886,4395,985,0.899492385786802
Midlands,30-44,2021-12-16,135,2661,456,3252,591,0.7715736040609137
Midlands,45-59,2021-12-16,89,1510,276,1875,365,0.7561643835616438
Midlands,60-74,2021-12-16,21,419,69,509,90,0.7666666666666667
Midlands,75+,2021-12-16,2,75,6,83,8,0.75
Midlands,0-14,2021-12-17,90,1448,153,1691,243,0.6296296296296297
Midlands,15-29,2021-12-17,58,2969,813,3840,871,0.9334098737083811
Midlands,30-44,2021-12-17,92,2275,528,2895,620,0.8516129032258064
Midlands,45-59,2021-12-17,57,1464,321,1842,378,0.8492063492063492
Midlands,60-74,2021-12-17,12,369,67,448,79,0.8481012658227848
Midlands,75+,2021-12-17,2,94,20,116,22,0.9090909090909091
Midlands,0-14,2021-12-18,75,1413,209,1697,284,0.7359154929577465
Midlands,15-29,2021-12-18,44,2600,776,3420,820,0.9463414634146341
Midlands,30-44,2021-12-18,71,1973,509,2553,580,0.8775862068965518
Midlands,45-59,2021-12-18,34,1202,353,1589,387,0.9121447028423773
Midlands,60-74,2021-12-18,8,339,78,425,86,0.9069767441860465
Midlands,75+,2021-12-18,4,82,20,106,24,0.8333333333333334
Midlands,0-14,2021-12-19,46,1451,244,1741,290,0.8413793103448276
Midlands,15-29,2021-12-19,31,2546,862,3439,893,0.9652855543113102
Midlands,30-44,2021-12-19,41,1985,652,2678,693,0.9408369408369408
Midlands,45-59,2021-12-19,21,1321,424,1766,445,0.952808988764045
Midlands,60-74,2021-12-19,6,333,117,456,123,0.9512195121951219
Midlands,75+,2021-12-19,3,91,24,118,27,0.8888888888888888
Midlands,0-14,2021-12-20,62,1950,230,2242,292,0.7876712328767124
Midlands,15-29,2021-12-20,33,4413,936,5382,969,0.9659442724458205
Midlands,30-44,2021-12-20,63,3526,701,4290,764,0.9175392670157068
Midlands,45-59,2021-12-20,25,2194,456,2675,481,0.9480249480249481
Midlands,60-74,2021-12-20,5,615,120,740,125,0.96
Midlands,75+,2021-12-20,5,191,25,221,30,0.8333333333333334
Midlands,0-14,2021-12-21,25,2119,152,2296,177,0.8587570621468926
Midlands,15-29,2021-12-21,12,5682,618,6312,630,0.9809523809523809
Midlands,30-44,2021-12-21,28,4599,551,5178,579,0.9516407599309153
Midlands,45-59,2021-12-21,14,2909,345,3268,359,0.9610027855153204
Midlands,60-74,2021-12-21,1,787,87,875,88,0.9886363636363636
Midlands,75+,2021-12-21,3,253,13,269,16,0.8125
Midlands,0-14,2021-12-22,16,2306,80,2402,96,0.8333333333333334
Midlands,15-29,2021-12-22,15,6618,378,7011,393,0.9618320610687023
Midlands,30-44,2021-12-22,15,5695,281,5991,296,0.9493243243243243
Midlands,45-59,2021-12-22,5,3426,177,3608,182,0.9725274725274725
Midlands,60-74,2021-12-22,2,962,58,1022,60,0.9666666666666667
Midlands,75+,2021-12-22,0,238,12,250,12,1
Midlands,0-14,2021-12-23,36,2150,172,2358,208,0.8269230769230769
Midlands,15-29,2021-12-23,28,6181,741,6950,769,0.9635890767230169
Midlands,30-44,2021-12-23,41,5370,691,6102,732,0.9439890710382514
Midlands,45-59,2021-12-23,13,3348,432,3793,445,0.9707865168539326
Midlands,60-74,2021-12-23,4,1058,105,1167,109,0.963302752293578
Midlands,75+,2021-12-23,2,338,26,366,28,0.9285714285714286
Midlands,0-14,2021-12-24,6,2068,102,2176,108,0.9444444444444444
Midlands,15-29,2021-12-24,5,5439,346,5790,351,0.9857549857549858
Midlands,30-44,2021-12-24,7,4912,320,5239,327,0.9785932721712538
Midlands,45-59,2021-12-24,8,3295,196,3499,204,0.9607843137254902
Midlands,60-74,2021-12-24,2,1112,87,1201,89,0.9775280898876404
Midlands,75+,2021-12-24,1,354,23,378,24,0.9583333333333334
Midlands,0-14,2021-12-25,4,987,35,1026,39,0.8974358974358975
Midlands,15-29,2021-12-25,4,2804,152,2960,156,0.9743589743589743
Midlands,30-44,2021-12-25,7,2685,148,2840,155,0.9548387096774194
Midlands,45-59,2021-12-25,3,1989,122,2114,125,0.976
Midlands,60-74,2021-12-25,1,755,42,798,43,0.9767441860465116
Midlands,75+,2021-12-25,0,160,8,168,8,1
Midlands,0-14,2021-12-26,12,1756,43,1811,55,0.7818181818181819
Midlands,15-29,2021-12-26,4,4607,136,4747,140,0.9714285714285714
Midlands,30-44,2021-12-26,12,4667,115,4794,127,0.905511811023622
Midlands,45-59,2021-12-26,3,3104,54,3161,57,0.9473684210526315
Midlands,60-74,2021-12-26,3,1076,26,1105,29,0.896551724137931
Midlands,75+,2021-12-26,0,275,8,283,8,1
Midlands,0-14,2021-12-27,16,2645,170,2831,186,0.9139784946236559
Midlands,15-29,2021-12-27,13,7495,546,8054,559,0.9767441860465116
Midlands,30-44,2021-12-27,18,7109,500,7627,518,0.9652509652509652
Midlands,45-59,2021-12-27,3,5217,375,5595,378,0.9920634920634921
Midlands,60-74,2021-12-27,1,1975,104,2080,105,0.9904761904761905
Midlands,75+,2021-12-27,1,667,33,701,34,0.9705882352941176
Midlands,0-14,2021-12-28,3,2867,20,2890,23,0.8695652173913043
Midlands,15-29,2021-12-28,3,8919,54,8976,57,0.9473684210526315
Midlands,30-44,2021-12-28,6,8172,48,8226,54,0.8888888888888888
Midlands,45-59,2021-12-28,1,6191,37,6229,38,0.9736842105263158
Midlands,60-74,2021-12-28,1,2694,15,2710,16,0.9375
Midlands,75+,2021-12-28,0,941,3,944,3,1
Midlands,0-14,2021-12-29,5,3528,0,3533,5,0
Midlands,15-29,2021-12-29,6,12043,0,12049,6,0
Midlands,30-44,2021-12-29,10,10122,0,10132,10,0
Midlands,45-59,2021-12-29,2,8032,0,8034,2,0
Midlands,60-74,2021-12-29,1,3624,0,3625,1,0
Midlands,75+,2021-12-29,2,1263,0,1265,2,0
Midlands,0-14,2021-12-30,3,3289,0,3292,3,0
Midlands,15-29,2021-12-30,3,9960,0,9963,3,0
Midlands,30-44,2021-12-30,2,8872,0,8874,2,0
Midlands,45-59,2021-12-30,2,7062,0,7064,2,0
Midlands,60-74,2021-12-30,0,3038,0,3038,0,NA
Midlands,75+,2021-12-30,1,1024,0,1025,1,0
Midlands,0-14,2021-12-31,0,2650,0,2650,0,NA
Midlands,15-29,2021-12-31,0,7038,0,7038,0,NA
Midlands,30-44,2021-12-31,4,6879,0,6883,4,0
Midlands,45-59,2021-12-31,1,5739,0,5740,1,0
Midlands,60-74,2021-12-31,2,2540,0,2542,2,0
Midlands,75+,2021-12-31,0,894,0,894,0,NA
Midlands,0-14,2022-01-01,0,2059,0,2059,0,NA
Midlands,15-29,2022-01-01,0,4843,0,4843,0,NA
Midlands,30-44,2022-01-01,0,4598,0,4598,0,NA
Midlands,45-59,2022-01-01,0,3816,0,3816,0,NA
Midlands,60-74,2022-01-01,0,1723,0,1723,0,NA
Midlands,75+,2022-01-01,1,514,0,515,1,0
Midlands,0-14,2022-01-02,0,3175,0,3175,0,NA
Midlands,15-29,2022-01-02,0,7598,0,7598,0,NA
Midlands,30-44,2022-01-02,0,6798,0,6798,0,NA
Midlands,45-59,2022-01-02,0,5431,0,5431,0,NA
Midlands,60-74,2022-01-02,0,2235,0,2235,0,NA
Midlands,75+,2022-01-02,0,697,0,697,0,NA
Midlands,0-14,2022-01-03,1,4275,0,4276,1,0
Midlands,15-29,2022-01-03,1,10217,0,10218,1,0
Midlands,30-44,2022-01-03,0,8817,0,8817,0,NA
Midlands,45-59,2022-01-03,0,6826,0,6826,0,NA
Midlands,60-74,2022-01-03,0,2779,0,2779,0,NA
Midlands,75+,2022-01-03,0,941,0,941,0,NA
Midlands,0-14,2022-01-04,0,5313,0,5313,0,NA
Midlands,15-29,2022-01-04,0,12468,0,12468,0,NA
Midlands,30-44,2022-01-04,0,10315,0,10315,0,NA
Midlands,45-59,2022-01-04,0,8331,0,8331,0,NA
Midlands,60-74,2022-01-04,0,3402,0,3402,0,NA
Midlands,75+,2022-01-04,0,1247,0,1247,0,NA
Midlands,0-14,2022-01-05,0,5441,0,5441,0,NA
Midlands,15-29,2022-01-05,0,9246,0,9246,0,NA
Midlands,30-44,2022-01-05,0,7203,0,7203,0,NA
Midlands,45-59,2022-01-05,0,5851,0,5851,0,NA
Midlands,60-74,2022-01-05,0,2412,0,2412,0,NA
Midlands,75+,2022-01-05,0,796,0,796,0,NA
Midlands,0-14,2022-01-06,0,4370,0,4370,0,NA
Midlands,15-29,2022-01-06,0,6900,0,6900,0,NA
Midlands,30-44,2022-01-06,0,5972,0,5972,0,NA
Midlands,45-59,2022-01-06,0,4640,0,4640,0,NA
Midlands,60-74,2022-01-06,0,1908,0,1908,0,NA
Midlands,75+,2022-01-06,0,570,0,570,0,NA
Midlands,0-14,2022-01-07,0,2495,0,2495,0,NA
Midlands,15-29,2022-01-07,0,3492,0,3492,0,NA
Midlands,30-44,2022-01-07,0,3333,0,3333,0,NA
Midlands,45-59,2022-01-07,0,2679,0,2679,0,NA
Midlands,60-74,2022-01-07,0,1221,0,1221,0,NA
Midlands,75+,2022-01-07,0,369,0,369,0,NA
Midlands,0-14,2022-01-08,0,2154,0,2154,0,NA
Midlands,15-29,2022-01-08,0,2484,0,2484,0,NA
Midlands,30-44,2022-01-08,0,2522,0,2522,0,NA
Midlands,45-59,2022-01-08,0,2052,0,2052,0,NA
Midlands,60-74,2022-01-08,0,881,0,881,0,NA
Midlands,75+,2022-01-08,0,202,0,202,0,NA
Midlands,0-14,2022-01-09,0,1349,0,1349,0,NA
Midlands,15-29,2022-01-09,0,1124,0,1124,0,NA
Midlands,30-44,2022-01-09,0,1119,0,1119,0,NA
Midlands,45-59,2022-01-09,0,1023,0,1023,0,NA
Midlands,60-74,2022-01-09,0,467,0,467,0,NA
Midlands,75+,2022-01-09,0,138,0,138,0,NA
North East and Yorkshire,0-14,2021-11-17,328,1306,0,1634,328,0
North East and Yorkshire,15-29,2021-11-17,139,613,0,752,139,0
North East and Yorkshire,30-44,2021-11-17,218,969,0,1187,218,0
North East and Yorkshire,45-59,2021-11-17,209,875,0,1084,209,0
North East and Yorkshire,60-74,2021-11-17,62,283,0,345,62,0
North East and Yorkshire,75+,2021-11-17,11,32,0,43,11,0
North East and Yorkshire,0-14,2021-11-18,284,1231,0,1515,284,0
North East and Yorkshire,15-29,2021-11-18,97,560,0,657,97,0
North East and Yorkshire,30-44,2021-11-18,206,906,0,1112,206,0
North East and Yorkshire,45-59,2021-11-18,180,908,0,1088,180,0
North East and Yorkshire,60-74,2021-11-18,54,279,0,333,54,0
North East and Yorkshire,75+,2021-11-18,3,35,0,38,3,0
North East and Yorkshire,0-14,2021-11-19,179,1101,0,1280,179,0
North East and Yorkshire,15-29,2021-11-19,79,481,0,560,79,0
North East and Yorkshire,30-44,2021-11-19,159,870,0,1029,159,0
North East and Yorkshire,45-59,2021-11-19,139,781,0,920,139,0
North East and Yorkshire,60-74,2021-11-19,47,277,0,324,47,0
North East and Yorkshire,75+,2021-11-19,5,33,0,38,5,0
North East and Yorkshire,0-14,2021-11-20,150,978,0,1128,150,0
North East and Yorkshire,15-29,2021-11-20,76,410,0,486,76,0
North East and Yorkshire,30-44,2021-11-20,107,720,0,827,107,0
North East and Yorkshire,45-59,2021-11-20,93,674,0,767,93,0
North East and Yorkshire,60-74,2021-11-20,45,256,0,301,45,0
North East and Yorkshire,75+,2021-11-20,2,19,0,21,2,0
North East and Yorkshire,0-14,2021-11-21,148,998,0,1146,148,0
North East and Yorkshire,15-29,2021-11-21,88,424,0,512,88,0
North East and Yorkshire,30-44,2021-11-21,141,772,0,913,141,0
North East and Yorkshire,45-59,2021-11-21,116,692,0,808,116,0
North East and Yorkshire,60-74,2021-11-21,35,225,0,260,35,0
North East and Yorkshire,75+,2021-11-21,2,23,0,25,2,0
North East and Yorkshire,0-14,2021-11-22,229,1555,0,1784,229,0
North East and Yorkshire,15-29,2021-11-22,74,589,0,663,74,0
North East and Yorkshire,30-44,2021-11-22,164,1017,0,1181,164,0
North East and Yorkshire,45-59,2021-11-22,138,983,0,1121,138,0
North East and Yorkshire,60-74,2021-11-22,39,311,0,350,39,0
North East and Yorkshire,75+,2021-11-22,2,40,0,42,2,0
North East and Yorkshire,0-14,2021-11-23,220,1457,0,1677,220,0
North East and Yorkshire,15-29,2021-11-23,77,624,0,701,77,0
North East and Yorkshire,30-44,2021-11-23,133,1060,0,1193,133,0
North East and Yorkshire,45-59,2021-11-23,106,882,0,988,106,0
North East and Yorkshire,60-74,2021-11-23,41,261,0,302,41,0
North East and Yorkshire,75+,2021-11-23,4,35,0,39,4,0
North East and Yorkshire,0-14,2021-11-24,369,1123,0,1492,369,0
North East and Yorkshire,15-29,2021-11-24,176,506,0,682,176,0
North East and Yorkshire,30-44,2021-11-24,279,834,0,1113,279,0
North East and Yorkshire,45-59,2021-11-24,211,758,0,969,211,0
North East and Yorkshire,60-74,2021-11-24,93,229,0,322,93,0
North East and Yorkshire,75+,2021-11-24,8,22,0,30,8,0
North East and Yorkshire,0-14,2021-11-25,221,1089,0,1310,221,0
North East and Yorkshire,15-29,2021-11-25,92,535,0,627,92,0
North East and Yorkshire,30-44,2021-11-25,175,907,0,1082,175,0
North East and Yorkshire,45-59,2021-11-25,142,766,0,908,142,0
North East and Yorkshire,60-74,2021-11-25,47,267,0,314,47,0
North East and Yorkshire,75+,2021-11-25,6,32,0,38,6,0
North East and Yorkshire,0-14,2021-11-26,288,849,0,1137,288,0
North East and Yorkshire,15-29,2021-11-26,157,417,0,574,157,0
North East and Yorkshire,30-44,2021-11-26,250,722,0,972,250,0
North East and Yorkshire,45-59,2021-11-26,206,596,0,802,206,0
North East and Yorkshire,60-74,2021-11-26,68,203,0,271,68,0
North East and Yorkshire,75+,2021-11-26,11,27,0,38,11,0
North East and Yorkshire,0-14,2021-11-27,205,573,0,778,205,0
North East and Yorkshire,15-29,2021-11-27,103,309,0,412,103,0
North East and Yorkshire,30-44,2021-11-27,162,523,0,685,162,0
North East and Yorkshire,45-59,2021-11-27,139,427,0,566,139,0
North East and Yorkshire,60-74,2021-11-27,25,115,0,140,25,0
North East and Yorkshire,75+,2021-11-27,8,19,0,27,8,0
North East and Yorkshire,0-14,2021-11-28,382,837,0,1219,382,0
North East and Yorkshire,15-29,2021-11-28,184,360,0,544,184,0
North East and Yorkshire,30-44,2021-11-28,372,639,0,1011,372,0
North East and Yorkshire,45-59,2021-11-28,332,559,0,891,332,0
North East and Yorkshire,60-74,2021-11-28,75,132,0,207,75,0
North East and Yorkshire,75+,2021-11-28,6,12,0,18,6,0
North East and Yorkshire,0-14,2021-11-29,484,1288,0,1772,484,0
North East and Yorkshire,15-29,2021-11-29,244,647,0,891,244,0
North East and Yorkshire,30-44,2021-11-29,336,946,0,1282,336,0
North East and Yorkshire,45-59,2021-11-29,272,822,0,1094,272,0
North East and Yorkshire,60-74,2021-11-29,74,221,0,295,74,0
North East and Yorkshire,75+,2021-11-29,11,23,0,34,11,0
North East and Yorkshire,0-14,2021-11-30,396,1310,0,1706,396,0
North East and Yorkshire,15-29,2021-11-30,179,639,1,819,180,0.005555555555555556
North East and Yorkshire,30-44,2021-11-30,287,1042,1,1330,288,0.003472222222222222
North East and Yorkshire,45-59,2021-11-30,219,838,0,1057,219,0
North East and Yorkshire,60-74,2021-11-30,67,227,0,294,67,0
North East and Yorkshire,75+,2021-11-30,8,37,0,45,8,0
North East and Yorkshire,0-14,2021-12-01,326,1203,0,1529,326,0
North East and Yorkshire,15-29,2021-12-01,189,655,0,844,189,0
North East and Yorkshire,30-44,2021-12-01,284,1082,0,1366,284,0
North East and Yorkshire,45-59,2021-12-01,224,816,0,1040,224,0
North East and Yorkshire,60-74,2021-12-01,55,223,0,278,55,0
North East and Yorkshire,75+,2021-12-01,9,20,0,29,9,0
North East and Yorkshire,0-14,2021-12-02,215,1137,0,1352,215,0
North East and Yorkshire,15-29,2021-12-02,110,634,1,745,111,0.009009009009009009
North East and Yorkshire,30-44,2021-12-02,140,1017,1,1158,141,0.0070921985815602835
North East and Yorkshire,45-59,2021-12-02,151,788,0,939,151,0
North East and Yorkshire,60-74,2021-12-02,33,215,0,248,33,0
North East and Yorkshire,75+,2021-12-02,6,25,0,31,6,0
North East and Yorkshire,0-14,2021-12-03,161,1059,0,1220,161,0
North East and Yorkshire,15-29,2021-12-03,88,603,0,691,88,0
North East and Yorkshire,30-44,2021-12-03,144,890,1,1035,145,0.006896551724137931
North East and Yorkshire,45-59,2021-12-03,102,694,0,796,102,0
North East and Yorkshire,60-74,2021-12-03,33,169,0,202,33,0
North East and Yorkshire,75+,2021-12-03,5,34,0,39,5,0
North East and Yorkshire,0-14,2021-12-04,159,848,0,1007,159,0
North East and Yorkshire,15-29,2021-12-04,85,492,0,577,85,0
North East and Yorkshire,30-44,2021-12-04,128,802,1,931,129,0.007751937984496124
North East and Yorkshire,45-59,2021-12-04,82,556,1,639,83,0.012048192771084338
North East and Yorkshire,60-74,2021-12-04,32,141,0,173,32,0
North East and Yorkshire,75+,2021-12-04,8,15,0,23,8,0
North East and Yorkshire,0-14,2021-12-05,248,930,0,1178,248,0
North East and Yorkshire,15-29,2021-12-05,101,487,0,588,101,0
North East and Yorkshire,30-44,2021-12-05,210,771,2,983,212,0.009433962264150943
North East and Yorkshire,45-59,2021-12-05,169,611,4,784,173,0.023121387283236993
North East and Yorkshire,60-74,2021-12-05,24,118,1,143,25,0.04
North East and Yorkshire,75+,2021-12-05,7,12,0,19,7,0
North East and Yorkshire,0-14,2021-12-06,250,1465,24,1739,274,0.08759124087591241
North East and Yorkshire,15-29,2021-12-06,114,684,13,811,127,0.10236220472440945
North East and Yorkshire,30-44,2021-12-06,213,1121,24,1358,237,0.10126582278481013
North East and Yorkshire,45-59,2021-12-06,151,787,13,951,164,0.07926829268292683
North East and Yorkshire,60-74,2021-12-06,39,204,1,244,40,0.025
North East and Yorkshire,75+,2021-12-06,9,28,1,38,10,0.1
North East and Yorkshire,0-14,2021-12-07,304,1112,0,1416,304,0
North East and Yorkshire,15-29,2021-12-07,135,632,10,777,145,0.06896551724137931
North East and Yorkshire,30-44,2021-12-07,228,1012,11,1251,239,0.04602510460251046
North East and Yorkshire,45-59,2021-12-07,148,730,5,883,153,0.032679738562091505
North East and Yorkshire,60-74,2021-12-07,49,158,1,208,50,0.02
North East and Yorkshire,75+,2021-12-07,10,20,0,30,10,0
North East and Yorkshire,0-14,2021-12-08,309,1144,1,1454,310,0.0032258064516129032
North East and Yorkshire,15-29,2021-12-08,153,711,18,882,171,0.10526315789473684
North East and Yorkshire,30-44,2021-12-08,272,1142,9,1423,281,0.03202846975088968
North East and Yorkshire,45-59,2021-12-08,159,743,6,908,165,0.03636363636363636
North East and Yorkshire,60-74,2021-12-08,40,168,2,210,42,0.047619047619047616
North East and Yorkshire,75+,2021-12-08,13,25,0,38,13,0
North East and Yorkshire,0-14,2021-12-09,224,1047,2,1273,226,0.008849557522123894
North East and Yorkshire,15-29,2021-12-09,121,753,27,901,148,0.18243243243243243
North East and Yorkshire,30-44,2021-12-09,223,1062,11,1296,234,0.04700854700854701
North East and Yorkshire,45-59,2021-12-09,156,773,7,936,163,0.04294478527607362
North East and Yorkshire,60-74,2021-12-09,39,164,0,203,39,0
North East and Yorkshire,75+,2021-12-09,7,27,1,35,8,0.125
North East and Yorkshire,0-14,2021-12-10,166,938,2,1106,168,0.011904761904761904
North East and Yorkshire,15-29,2021-12-10,84,641,40,765,124,0.3225806451612903
North East and Yorkshire,30-44,2021-12-10,158,939,12,1109,170,0.07058823529411765
North East and Yorkshire,45-59,2021-12-10,115,630,6,751,121,0.049586776859504134
North East and Yorkshire,60-74,2021-12-10,24,160,2,186,26,0.07692307692307693
North East and Yorkshire,75+,2021-12-10,4,20,1,25,5,0.2
North East and Yorkshire,0-14,2021-12-11,178,865,9,1052,187,0.0481283422459893
North East and Yorkshire,15-29,2021-12-11,85,592,44,721,129,0.34108527131782945
North East and Yorkshire,30-44,2021-12-11,161,807,29,997,190,0.15263157894736842
North East and Yorkshire,45-59,2021-12-11,107,600,18,725,125,0.144
North East and Yorkshire,60-74,2021-12-11,17,121,8,146,25,0.32
North East and Yorkshire,75+,2021-12-11,5,22,1,28,6,0.16666666666666666
North East and Yorkshire,0-14,2021-12-12,201,900,16,1117,217,0.07373271889400922
North East and Yorkshire,15-29,2021-12-12,99,691,117,907,216,0.5416666666666666
North East and Yorkshire,30-44,2021-12-12,198,833,72,1103,270,0.26666666666666666
North East and Yorkshire,45-59,2021-12-12,135,578,41,754,176,0.23295454545454544
North East and Yorkshire,60-74,2021-12-12,21,118,11,150,32,0.34375
North East and Yorkshire,75+,2021-12-12,4,21,2,27,6,0.3333333333333333
North East and Yorkshire,0-14,2021-12-13,112,1409,22,1543,134,0.16417910447761194
North East and Yorkshire,15-29,2021-12-13,47,1289,213,1549,260,0.8192307692307692
North East and Yorkshire,30-44,2021-12-13,91,1399,114,1604,205,0.5560975609756098
North East and Yorkshire,45-59,2021-12-13,55,959,59,1073,114,0.5175438596491229
North East and Yorkshire,60-74,2021-12-13,10,196,16,222,26,0.6153846153846154
North East and Yorkshire,75+,2021-12-13,4,36,2,42,6,0.3333333333333333
North East and Yorkshire,0-14,2021-12-14,84,1248,22,1354,106,0.20754716981132076
North East and Yorkshire,15-29,2021-12-14,45,1755,310,2110,355,0.8732394366197183
North East and Yorkshire,30-44,2021-12-14,86,1627,175,1888,261,0.6704980842911877
North East and Yorkshire,45-59,2021-12-14,48,919,93,1060,141,0.6595744680851063
North East and Yorkshire,60-74,2021-12-14,12,210,23,245,35,0.6571428571428571
North East and Yorkshire,75+,2021-12-14,4,41,5,50,9,0.5555555555555556
North East and Yorkshire,0-14,2021-12-15,95,1151,30,1276,125,0.24
North East and Yorkshire,15-29,2021-12-15,50,2057,415,2522,465,0.8924731182795699
North East and Yorkshire,30-44,2021-12-15,72,1893,259,2224,331,0.7824773413897281
North East and Yorkshire,45-59,2021-12-15,46,1112,138,1296,184,0.75
North East and Yorkshire,60-74,2021-12-15,13,251,39,303,52,0.75
North East and Yorkshire,75+,2021-12-15,2,77,3,82,5,0.6
North East and Yorkshire,0-14,2021-12-16,87,960,38,1085,125,0.304
North East and Yorkshire,15-29,2021-12-16,48,1923,396,2367,444,0.8918918918918919
North East and Yorkshire,30-44,2021-12-16,84,1653,213,1950,297,0.7171717171717171
North East and Yorkshire,45-59,2021-12-16,54,977,138,1169,192,0.71875
North East and Yorkshire,60-74,2021-12-16,11,251,23,285,34,0.6764705882352942
North East and Yorkshire,75+,2021-12-16,3,52,10,65,13,0.7692307692307693
North East and Yorkshire,0-14,2021-12-17,91,833,55,979,146,0.3767123287671233
North East and Yorkshire,15-29,2021-12-17,46,1707,344,2097,390,0.882051282051282
North East and Yorkshire,30-44,2021-12-17,92,1420,238,1750,330,0.7212121212121212
North East and Yorkshire,45-59,2021-12-17,62,895,126,1083,188,0.6702127659574468
North East and Yorkshire,60-74,2021-12-17,21,255,42,318,63,0.6666666666666666
North East and Yorkshire,75+,2021-12-17,1,54,7,62,8,0.875
North East and Yorkshire,0-14,2021-12-18,31,791,64,886,95,0.6736842105263158
North East and Yorkshire,15-29,2021-12-18,22,1593,471,2086,493,0.9553752535496958
North East and Yorkshire,30-44,2021-12-18,31,1295,240,1566,271,0.8856088560885609
North East and Yorkshire,45-59,2021-12-18,21,800,169,990,190,0.8894736842105263
North East and Yorkshire,60-74,2021-12-18,6,233,51,290,57,0.8947368421052632
North East and Yorkshire,75+,2021-12-18,0,53,9,62,9,1
North East and Yorkshire,0-14,2021-12-19,53,805,145,1003,198,0.7323232323232324
North East and Yorkshire,15-29,2021-12-19,20,1491,640,2151,660,0.9696969696969697
North East and Yorkshire,30-44,2021-12-19,58,1180,450,1688,508,0.8858267716535433
North East and Yorkshire,45-59,2021-12-19,31,765,289,1085,320,0.903125
North East and Yorkshire,60-74,2021-12-19,2,197,81,280,83,0.9759036144578314
North East and Yorkshire,75+,2021-12-19,0,53,14,67,14,1
North East and Yorkshire,0-14,2021-12-20,27,1137,85,1249,112,0.7589285714285714
North East and Yorkshire,15-29,2021-12-20,14,2990,512,3516,526,0.973384030418251
North East and Yorkshire,30-44,2021-12-20,23,2516,354,2893,377,0.9389920424403183
North East and Yorkshire,45-59,2021-12-20,15,1497,202,1714,217,0.9308755760368663
North East and Yorkshire,60-74,2021-12-20,4,391,78,473,82,0.9512195121951219
North East and Yorkshire,75+,2021-12-20,1,103,16,120,17,0.9411764705882353
North East and Yorkshire,0-14,2021-12-21,39,1065,47,1151,86,0.5465116279069767
North East and Yorkshire,15-29,2021-12-21,22,4016,355,4393,377,0.9416445623342176
North East and Yorkshire,30-44,2021-12-21,31,3221,309,3561,340,0.9088235294117647
North East and Yorkshire,45-59,2021-12-21,17,1945,176,2138,193,0.9119170984455959
North East and Yorkshire,60-74,2021-12-21,4,560,56,620,60,0.9333333333333333
North East and Yorkshire,75+,2021-12-21,0,101,19,120,19,1
North East and Yorkshire,0-14,2021-12-22,8,1146,61,1215,69,0.8840579710144928
North East and Yorkshire,15-29,2021-12-22,6,4868,319,5193,325,0.9815384615384616
North East and Yorkshire,30-44,2021-12-22,17,4061,316,4394,333,0.948948948948949
North East and Yorkshire,45-59,2021-12-22,2,2383,148,2533,150,0.9866666666666667
North East and Yorkshire,60-74,2021-12-22,0,716,46,762,46,1
North East and Yorkshire,75+,2021-12-22,0,148,8,156,8,1
North East and Yorkshire,0-14,2021-12-23,15,1258,68,1341,83,0.8192771084337349
North East and Yorkshire,15-29,2021-12-23,10,4745,432,5187,442,0.9773755656108597
North East and Yorkshire,30-44,2021-12-23,24,4079,408,4511,432,0.9444444444444444
North East and Yorkshire,45-59,2021-12-23,10,2481,233,2724,243,0.9588477366255144
North East and Yorkshire,60-74,2021-12-23,4,822,75,901,79,0.9493670886075949
North East and Yorkshire,75+,2021-12-23,0,196,22,218,22,1
North East and Yorkshire,0-14,2021-12-24,5,1199,77,1281,82,0.9390243902439024
North East and Yorkshire,15-29,2021-12-24,3,3974,334,4311,337,0.9910979228486647
North East and Yorkshire,30-44,2021-12-24,5,3718,352,4075,357,0.9859943977591037
North East and Yorkshire,45-59,2021-12-24,3,2446,200,2649,203,0.9852216748768473
North East and Yorkshire,60-74,2021-12-24,0,947,76,1023,76,1
North East and Yorkshire,75+,2021-12-24,1,236,16,253,17,0.9411764705882353
North East and Yorkshire,0-14,2021-12-25,3,402,144,549,147,0.9795918367346939
North East and Yorkshire,15-29,2021-12-25,5,1555,561,2121,566,0.991166077738516
North East and Yorkshire,30-44,2021-12-25,4,1574,692,2270,696,0.9942528735632183
North East and Yorkshire,45-59,2021-12-25,6,1055,460,1521,466,0.9871244635193133
North East and Yorkshire,60-74,2021-12-25,4,388,197,589,201,0.9800995024875622
North East and Yorkshire,75+,2021-12-25,0,105,35,140,35,1
North East and Yorkshire,0-14,2021-12-26,4,1065,141,1210,145,0.9724137931034482
North East and Yorkshire,15-29,2021-12-26,3,3279,434,3716,437,0.9931350114416476
North East and Yorkshire,30-44,2021-12-26,6,3438,596,4040,602,0.9900332225913622
North East and Yorkshire,45-59,2021-12-26,2,2283,346,2631,348,0.9942528735632183
North East and Yorkshire,60-74,2021-12-26,2,809,139,950,141,0.9858156028368794
North East and Yorkshire,75+,2021-12-26,0,194,34,228,34,1
North East and Yorkshire,0-14,2021-12-27,16,1580,125,1721,141,0.8865248226950354
North East and Yorkshire,15-29,2021-12-27,15,5415,441,5871,456,0.9671052631578947
North East and Yorkshire,30-44,2021-12-27,15,5307,458,5780,473,0.9682875264270613
North East and Yorkshire,45-59,2021-12-27,13,3853,298,4164,311,0.9581993569131833
North East and Yorkshire,60-74,2021-12-27,5,1520,122,1647,127,0.9606299212598425
North East and Yorkshire,75+,2021-12-27,1,434,18,453,19,0.9473684210526315
North East and Yorkshire,0-14,2021-12-28,7,2029,29,2065,36,0.8055555555555556
North East and Yorkshire,15-29,2021-12-28,5,7454,110,7569,115,0.9565217391304348
North East and Yorkshire,30-44,2021-12-28,11,6500,112,6623,123,0.9105691056910569
North East and Yorkshire,45-59,2021-12-28,7,5088,82,5177,89,0.9213483146067416
North East and Yorkshire,60-74,2021-12-28,0,2221,27,2248,27,1
North East and Yorkshire,75+,2021-12-28,1,586,2,589,3,0.6666666666666666
North East and Yorkshire,0-14,2021-12-29,6,2538,0,2544,6,0
North East and Yorkshire,15-29,2021-12-29,11,10661,0,10672,11,0
North East and Yorkshire,30-44,2021-12-29,13,8487,0,8500,13,0
North East and Yorkshire,45-59,2021-12-29,3,7072,0,7075,3,0
North East and Yorkshire,60-74,2021-12-29,3,3221,0,3224,3,0
North East and Yorkshire,75+,2021-12-29,0,1024,0,1024,0,NA
North East and Yorkshire,0-14,2021-12-30,4,2302,0,2306,4,0
North East and Yorkshire,15-29,2021-12-30,3,9632,0,9635,3,0
North East and Yorkshire,30-44,2021-12-30,4,7934,0,7938,4,0
North East and Yorkshire,45-59,2021-12-30,1,6332,0,6333,1,0
North East and Yorkshire,60-74,2021-12-30,1,2813,0,2814,1,0
North East and Yorkshire,75+,2021-12-30,0,878,0,878,0,NA
North East and Yorkshire,0-14,2021-12-31,1,2159,0,2160,1,0
North East and Yorkshire,15-29,2021-12-31,0,7200,0,7200,0,NA
North East and Yorkshire,30-44,2021-12-31,3,6929,0,6932,3,0
North East and Yorkshire,45-59,2021-12-31,1,5681,0,5682,1,0
North East and Yorkshire,60-74,2021-12-31,0,2575,0,2575,0,NA
North East and Yorkshire,75+,2021-12-31,0,715,0,715,0,NA
North East and Yorkshire,0-14,2022-01-01,0,1633,0,1633,0,NA
North East and Yorkshire,15-29,2022-01-01,0,4778,0,4778,0,NA
North East and Yorkshire,30-44,2022-01-01,0,4507,0,4507,0,NA
North East and Yorkshire,45-59,2022-01-01,0,3608,0,3608,0,NA
North East and Yorkshire,60-74,2022-01-01,0,1637,0,1637,0,NA
North East and Yorkshire,75+,2022-01-01,0,432,0,432,0,NA
North East and Yorkshire,0-14,2022-01-02,0,2686,0,2686,0,NA
North East and Yorkshire,15-29,2022-01-02,0,7763,0,7763,0,NA
North East and Yorkshire,30-44,2022-01-02,0,6627,0,6627,0,NA
North East and Yorkshire,45-59,2022-01-02,0,5293,0,5293,0,NA
North East and Yorkshire,60-74,2022-01-02,0,2155,0,2155,0,NA
North East and Yorkshire,75+,2022-01-02,0,620,0,620,0,NA
North East and Yorkshire,0-14,2022-01-03,0,3906,0,3906,0,NA
North East and Yorkshire,15-29,2022-01-03,0,10689,0,10689,0,NA
North East and Yorkshire,30-44,2022-01-03,0,9243,0,9243,0,NA
North East and Yorkshire,45-59,2022-01-03,0,7532,0,7532,0,NA
North East and Yorkshire,60-74,2022-01-03,0,2999,0,2999,0,NA
North East and Yorkshire,75+,2022-01-03,0,946,0,946,0,NA
North East and Yorkshire,0-14,2022-01-04,0,5085,0,5085,0,NA
North East and Yorkshire,15-29,2022-01-04,0,12722,0,12722,0,NA
North East and Yorkshire,30-44,2022-01-04,0,10302,0,10302,0,NA
North East and Yorkshire,45-59,2022-01-04,0,8473,0,8473,0,NA
North East and Yorkshire,60-74,2022-01-04,0,3672,0,3672,0,NA
North East and Yorkshire,75+,2022-01-04,0,1127,0,1127,0,NA
North East and Yorkshire,0-14,2022-01-05,0,5045,0,5045,0,NA
North East and Yorkshire,15-29,2022-01-05,0,10088,0,10088,0,NA
North East and Yorkshire,30-44,2022-01-05,0,8321,0,8321,0,NA
North East and Yorkshire,45-59,2022-01-05,0,6757,0,6757,0,NA
North East and Yorkshire,60-74,2022-01-05,0,2872,0,2872,0,NA
North East and Yorkshire,75+,2022-01-05,0,841,0,841,0,NA
North East and Yorkshire,0-14,2022-01-06,0,3171,0,3171,0,NA
North East and Yorkshire,15-29,2022-01-06,0,5764,0,5764,0,NA
North East and Yorkshire,30-44,2022-01-06,0,4919,0,4919,0,NA
North East and Yorkshire,45-59,2022-01-06,0,4129,0,4129,0,NA
North East and Yorkshire,60-74,2022-01-06,0,1875,0,1875,0,NA
North East and Yorkshire,75+,2022-01-06,0,407,0,407,0,NA
North East and Yorkshire,0-14,2022-01-07,0,2054,0,2054,0,NA
North East and Yorkshire,15-29,2022-01-07,0,2999,0,2999,0,NA
North East and Yorkshire,30-44,2022-01-07,0,3078,0,3078,0,NA
North East and Yorkshire,45-59,2022-01-07,0,2692,0,2692,0,NA
North East and Yorkshire,60-74,2022-01-07,0,1221,0,1221,0,NA
North East and Yorkshire,75+,2022-01-07,0,354,0,354,0,NA
North East and Yorkshire,0-14,2022-01-08,0,1665,0,1665,0,NA
North East and Yorkshire,15-29,2022-01-08,0,1908,0,1908,0,NA
North East and Yorkshire,30-44,2022-01-08,0,1993,0,1993,0,NA
North East and Yorkshire,45-59,2022-01-08,0,1739,0,1739,0,NA
North East and Yorkshire,60-74,2022-01-08,0,876,0,876,0,NA
North East and Yorkshire,75+,2022-01-08,0,235,0,235,0,NA
North East and Yorkshire,0-14,2022-01-09,0,1321,0,1321,0,NA
North East and Yorkshire,15-29,2022-01-09,0,1116,0,1116,0,NA
North East and Yorkshire,30-44,2022-01-09,0,1183,0,1183,0,NA
North East and Yorkshire,45-59,2022-01-09,0,1106,0,1106,0,NA
North East and Yorkshire,60-74,2022-01-09,0,508,0,508,0,NA
North East and Yorkshire,75+,2022-01-09,0,151,0,151,0,NA
North West,0-14,2021-11-17,496,932,0,1428,496,0
North West,15-29,2021-11-17,211,421,0,632,211,0
North West,30-44,2021-11-17,365,641,0,1006,365,0
North West,45-59,2021-11-17,258,533,0,791,258,0
North West,60-74,2021-11-17,81,175,0,256,81,0
North West,75+,2021-11-17,10,30,0,40,10,0
North West,0-14,2021-11-18,387,881,0,1268,387,0
North West,15-29,2021-11-18,204,416,0,620,204,0
North West,30-44,2021-11-18,346,731,0,1077,346,0
North West,45-59,2021-11-18,272,554,0,826,272,0
North West,60-74,2021-11-18,59,181,0,240,59,0
North West,75+,2021-11-18,5,36,0,41,5,0
North West,0-14,2021-11-19,236,915,0,1151,236,0
North West,15-29,2021-11-19,119,423,0,542,119,0
North West,30-44,2021-11-19,187,637,0,824,187,0
North West,45-59,2021-11-19,154,546,0,700,154,0
North West,60-74,2021-11-19,46,200,0,246,46,0
North West,75+,2021-11-19,8,17,0,25,8,0
North West,0-14,2021-11-20,115,912,0,1027,115,0
North West,15-29,2021-11-20,53,414,0,467,53,0
North West,30-44,2021-11-20,75,680,0,755,75,0
North West,45-59,2021-11-20,61,533,0,594,61,0
North West,60-74,2021-11-20,21,180,0,201,21,0
North West,75+,2021-11-20,3,18,0,21,3,0
North West,0-14,2021-11-21,297,787,0,1084,297,0
North West,15-29,2021-11-21,130,358,0,488,130,0
North West,30-44,2021-11-21,227,586,0,813,227,0
North West,45-59,2021-11-21,164,439,0,603,164,0
North West,60-74,2021-11-21,51,156,0,207,51,0
North West,75+,2021-11-21,1,20,0,21,1,0
North West,0-14,2021-11-22,447,1031,0,1478,447,0
North West,15-29,2021-11-22,210,493,0,703,210,0
North West,30-44,2021-11-22,328,738,0,1066,328,0
North West,45-59,2021-11-22,265,562,0,827,265,0
North West,60-74,2021-11-22,63,152,0,215,63,0
North West,75+,2021-11-22,8,34,0,42,8,0
North West,0-14,2021-11-23,307,1197,0,1504,307,0
North West,15-29,2021-11-23,142,480,0,622,142,0
North West,30-44,2021-11-23,209,835,0,1044,209,0
North West,45-59,2021-11-23,146,607,0,753,146,0
North West,60-74,2021-11-23,46,198,0,244,46,0
North West,75+,2021-11-23,9,29,0,38,9,0
North West,0-14,2021-11-24,279,970,0,1249,279,0
North West,15-29,2021-11-24,147,474,0,621,147,0
North West,30-44,2021-11-24,217,853,0,1070,217,0
North West,45-59,2021-11-24,154,595,0,749,154,0
North West,60-74,2021-11-24,39,155,0,194,39,0
North West,75+,2021-11-24,9,22,0,31,9,0
North West,0-14,2021-11-25,485,695,0,1180,485,0
North West,15-29,2021-11-25,239,357,0,596,239,0
North West,30-44,2021-11-25,450,538,0,988,450,0
North West,45-59,2021-11-25,305,431,0,736,305,0
North West,60-74,2021-11-25,97,130,0,227,97,0
North West,75+,2021-11-25,10,18,0,28,10,0
North West,0-14,2021-11-26,516,561,0,1077,516,0
North West,15-29,2021-11-26,235,295,0,530,235,0
North West,30-44,2021-11-26,399,505,0,904,399,0
North West,45-59,2021-11-26,299,326,0,625,299,0
North West,60-74,2021-11-26,103,88,0,191,103,0
North West,75+,2021-11-26,12,9,0,21,12,0
North West,0-14,2021-11-27,317,528,1,846,318,0.0031446540880503146
North West,15-29,2021-11-27,183,270,0,453,183,0
North West,30-44,2021-11-27,279,432,1,712,280,0.0035714285714285713
North West,45-59,2021-11-27,163,354,0,517,163,0
North West,60-74,2021-11-27,35,101,0,136,35,0
North West,75+,2021-11-27,10,14,0,24,10,0
North West,0-14,2021-11-28,246,802,0,1048,246,0
North West,15-29,2021-11-28,116,437,0,553,116,0
North West,30-44,2021-11-28,199,723,0,922,199,0
North West,45-59,2021-11-28,146,470,1,617,147,0.006802721088435374
North West,60-74,2021-11-28,39,125,0,164,39,0
North West,75+,2021-11-28,7,12,0,19,7,0
North West,0-14,2021-11-29,514,983,0,1497,514,0
North West,15-29,2021-11-29,250,513,0,763,250,0
North West,30-44,2021-11-29,407,755,0,1162,407,0
North West,45-59,2021-11-29,306,580,0,886,306,0
North West,60-74,2021-11-29,67,135,0,202,67,0
North West,75+,2021-11-29,13,14,0,27,13,0
North West,0-14,2021-11-30,532,1067,0,1599,532,0
North West,15-29,2021-11-30,236,557,1,794,237,0.004219409282700422
North West,30-44,2021-11-30,430,860,5,1295,435,0.011494252873563218
North West,45-59,2021-11-30,251,552,1,804,252,0.003968253968253968
North West,60-74,2021-11-30,73,145,0,218,73,0
North West,75+,2021-11-30,6,21,0,27,6,0
North West,0-14,2021-12-01,378,1064,0,1442,378,0
North West,15-29,2021-12-01,200,655,1,856,201,0.004975124378109453
North West,30-44,2021-12-01,334,920,4,1258,338,0.011834319526627219
North West,45-59,2021-12-01,222,696,1,919,223,0.004484304932735426
North West,60-74,2021-12-01,40,163,0,203,40,0
North West,75+,2021-12-01,8,30,0,38,8,0
North West,0-14,2021-12-02,267,964,0,1231,267,0
North West,15-29,2021-12-02,151,631,3,785,154,0.01948051948051948
North West,30-44,2021-12-02,293,920,4,1217,297,0.013468013468013467
North West,45-59,2021-12-02,165,615,2,782,167,0.011976047904191617
North West,60-74,2021-12-02,39,169,0,208,39,0
North West,75+,2021-12-02,5,33,0,38,5,0
North West,0-14,2021-12-03,426,761,1,1188,427,0.00234192037470726
North West,15-29,2021-12-03,205,490,9,704,214,0.04205607476635514
North West,30-44,2021-12-03,372,643,4,1019,376,0.010638297872340425
North West,45-59,2021-12-03,250,504,1,755,251,0.00398406374501992
North West,60-74,2021-12-03,41,136,0,177,41,0
North West,75+,2021-12-03,3,19,0,22,3,0
North West,0-14,2021-12-04,57,803,0,860,57,0
North West,15-29,2021-12-04,30,502,2,534,32,0.0625
North West,30-44,2021-12-04,40,760,2,802,42,0.047619047619047616
North West,45-59,2021-12-04,34,552,1,587,35,0.02857142857142857
North West,60-74,2021-12-04,14,139,0,153,14,0
North West,75+,2021-12-04,1,21,0,22,1,0
North West,0-14,2021-12-05,110,969,2,1081,112,0.017857142857142856
North West,15-29,2021-12-05,48,539,2,589,50,0.04
North West,30-44,2021-12-05,116,861,3,980,119,0.025210084033613446
North West,45-59,2021-12-05,97,578,1,676,98,0.01020408163265306
North West,60-74,2021-12-05,18,120,0,138,18,0
North West,75+,2021-12-05,4,24,0,28,4,0
North West,0-14,2021-12-06,391,1324,12,1727,403,0.02977667493796526
North West,15-29,2021-12-06,200,780,27,1007,227,0.11894273127753303
North West,30-44,2021-12-06,331,1189,19,1539,350,0.054285714285714284
North West,45-59,2021-12-06,226,703,7,936,233,0.030042918454935622
North West,60-74,2021-12-06,41,193,3,237,44,0.06818181818181818
North West,75+,2021-12-06,10,30,4,44,14,0.2857142857142857
North West,0-14,2021-12-07,263,1214,1,1478,264,0.003787878787878788
North West,15-29,2021-12-07,146,819,31,996,177,0.1751412429378531
North West,30-44,2021-12-07,222,1068,30,1320,252,0.11904761904761904
North West,45-59,2021-12-07,120,636,13,769,133,0.09774436090225563
North West,60-74,2021-12-07,28,152,3,183,31,0.0967741935483871
North West,75+,2021-12-07,5,27,6,38,11,0.5454545454545454
North West,0-14,2021-12-08,203,1228,4,1435,207,0.01932367149758454
North West,15-29,2021-12-08,89,921,47,1057,136,0.34558823529411764
North West,30-44,2021-12-08,223,1231,35,1489,258,0.13565891472868216
North West,45-59,2021-12-08,107,751,18,876,125,0.144
North West,60-74,2021-12-08,22,180,5,207,27,0.18518518518518517
North West,75+,2021-12-08,2,32,2,36,4,0.5
North West,0-14,2021-12-09,98,1225,3,1326,101,0.0297029702970297
North West,15-29,2021-12-09,50,971,21,1042,71,0.29577464788732394
North West,30-44,2021-12-09,90,1211,21,1322,111,0.1891891891891892
North West,45-59,2021-12-09,60,803,9,872,69,0.13043478260869565
North West,60-74,2021-12-09,11,177,5,193,16,0.3125
North West,75+,2021-12-09,5,24,2,31,7,0.2857142857142857
North West,0-14,2021-12-10,127,986,14,1127,141,0.09929078014184398
North West,15-29,2021-12-10,63,813,56,932,119,0.47058823529411764
North West,30-44,2021-12-10,112,1060,23,1195,135,0.17037037037037037
North West,45-59,2021-12-10,67,634,30,731,97,0.30927835051546393
North West,60-74,2021-12-10,14,159,5,178,19,0.2631578947368421
North West,75+,2021-12-10,4,56,2,62,6,0.3333333333333333
North West,0-14,2021-12-11,106,987,12,1105,118,0.1016949152542373
North West,15-29,2021-12-11,49,806,50,905,99,0.5050505050505051
North West,30-44,2021-12-11,88,964,30,1082,118,0.2542372881355932
North West,45-59,2021-12-11,48,587,23,658,71,0.323943661971831
North West,60-74,2021-12-11,13,130,5,148,18,0.2777777777777778
North West,75+,2021-12-11,3,21,2,26,5,0.4
North West,0-14,2021-12-12,83,1042,17,1142,100,0.17
North West,15-29,2021-12-12,45,919,78,1042,123,0.6341463414634146
North West,30-44,2021-12-12,70,1022,49,1141,119,0.4117647058823529
North West,45-59,2021-12-12,48,597,29,674,77,0.37662337662337664
North West,60-74,2021-12-12,9,138,10,157,19,0.5263157894736842
North West,75+,2021-12-12,1,28,1,30,2,0.5
North West,0-14,2021-12-13,171,1415,62,1648,233,0.26609442060085836
North West,15-29,2021-12-13,82,1590,268,1940,350,0.7657142857142857
North West,30-44,2021-12-13,150,1541,228,1919,378,0.6031746031746031
North West,45-59,2021-12-13,75,928,126,1129,201,0.6268656716417911
North West,60-74,2021-12-13,13,207,32,252,45,0.7111111111111111
North West,75+,2021-12-13,0,46,4,50,4,1
North West,0-14,2021-12-14,68,1360,31,1459,99,0.31313131313131315
North West,15-29,2021-12-14,49,2451,260,2760,309,0.8414239482200647
North West,30-44,2021-12-14,62,2110,193,2365,255,0.7568627450980392
North West,45-59,2021-12-14,29,1089,112,1230,141,0.7943262411347518
North West,60-74,2021-12-14,14,219,17,250,31,0.5483870967741935
North West,75+,2021-12-14,5,55,6,66,11,0.5454545454545454
North West,0-14,2021-12-15,66,1255,67,1388,133,0.5037593984962406
North West,15-29,2021-12-15,40,2754,529,3323,569,0.929701230228471
North West,30-44,2021-12-15,76,2361,346,2783,422,0.8199052132701422
North West,45-59,2021-12-15,38,1316,209,1563,247,0.8461538461538461
North West,60-74,2021-12-15,7,300,52,359,59,0.8813559322033898
North West,75+,2021-12-15,1,72,13,86,14,0.9285714285714286
North West,0-14,2021-12-16,42,1224,74,1340,116,0.6379310344827587
North West,15-29,2021-12-16,20,2861,412,3293,432,0.9537037037037037
North West,30-44,2021-12-16,32,2296,258,2586,290,0.8896551724137931
North West,45-59,2021-12-16,18,1373,159,1550,177,0.8983050847457628
North West,60-74,2021-12-16,1,340,36,377,37,0.972972972972973
North West,75+,2021-12-16,3,78,5,86,8,0.625
North West,0-14,2021-12-17,38,1151,88,1277,126,0.6984126984126984
North West,15-29,2021-12-17,23,2492,459,2974,482,0.9522821576763485
North West,30-44,2021-12-17,28,1952,259,2239,287,0.9024390243902439
North West,45-59,2021-12-17,19,1121,171,1311,190,0.9
North West,60-74,2021-12-17,6,293,38,337,44,0.8636363636363636
North West,75+,2021-12-17,2,100,12,114,14,0.8571428571428571
North West,0-14,2021-12-18,67,1049,193,1309,260,0.7423076923076923
North West,15-29,2021-12-18,41,1860,700,2601,741,0.9446693657219973
North West,30-44,2021-12-18,53,1518,551,2122,604,0.9122516556291391
North West,45-59,2021-12-18,27,919,361,1307,388,0.9304123711340206
North West,60-74,2021-12-18,7,278,111,396,118,0.940677966101695
North West,75+,2021-12-18,1,59,19,79,20,0.95
North West,0-14,2021-12-19,22,1147,176,1345,198,0.8888888888888888
North West,15-29,2021-12-19,14,2234,533,2781,547,0.9744058500914077
North West,30-44,2021-12-19,16,1854,420,2290,436,0.963302752293578
North West,45-59,2021-12-19,8,1122,312,1442,320,0.975
North West,60-74,2021-12-19,1,332,90,423,91,0.989010989010989
North West,75+,2021-12-19,1,95,18,114,19,0.9473684210526315
North West,0-14,2021-12-20,10,1725,185,1920,195,0.9487179487179487
North West,15-29,2021-12-20,4,4231,599,4834,603,0.9933665008291874
North West,30-44,2021-12-20,7,3505,498,4010,505,0.9861386138613861
North West,45-59,2021-12-20,2,2061,322,2385,324,0.9938271604938271
North West,60-74,2021-12-20,0,601,81,682,81,1
North West,75+,2021-12-20,0,162,18,180,18,1
North West,0-14,2021-12-21,24,1548,110,1682,134,0.8208955223880597
North West,15-29,2021-12-21,15,5344,582,5941,597,0.9748743718592965
North West,30-44,2021-12-21,21,4545,438,5004,459,0.954248366013072
North West,45-59,2021-12-21,6,2572,294,2872,300,0.98
North West,60-74,2021-12-21,5,782,65,852,70,0.9285714285714286
North West,75+,2021-12-21,0,171,29,200,29,1
North West,0-14,2021-12-22,30,1726,87,1843,117,0.7435897435897436
North West,15-29,2021-12-22,9,6539,341,6889,350,0.9742857142857143
North West,30-44,2021-12-22,16,5595,332,5943,348,0.9540229885057471
North West,45-59,2021-12-22,3,3350,199,3552,202,0.9851485148514851
North West,60-74,2021-12-22,2,1012,59,1073,61,0.9672131147540983
North West,75+,2021-12-22,1,279,14,294,15,0.9333333333333333
North West,0-14,2021-12-23,16,1674,214,1904,230,0.9304347826086956
North West,15-29,2021-12-23,2,5572,851,6425,853,0.9976553341148886
North West,30-44,2021-12-23,13,4901,755,5669,768,0.9830729166666666
North West,45-59,2021-12-23,5,3129,476,3610,481,0.9896049896049897
North West,60-74,2021-12-23,1,1020,152,1173,153,0.9934640522875817
North West,75+,2021-12-23,0,300,37,337,37,1
North West,0-14,2021-12-24,6,1750,156,1912,162,0.9629629629629629
North West,15-29,2021-12-24,5,4695,577,5277,582,0.9914089347079038
North West,30-44,2021-12-24,9,4525,518,5052,527,0.9829222011385199
North West,45-59,2021-12-24,3,2972,368,3343,371,0.9919137466307277
North West,60-74,2021-12-24,3,1168,126,1297,129,0.9767441860465116
North West,75+,2021-12-24,0,300,34,334,34,1
North West,0-14,2021-12-25,3,771,111,885,114,0.9736842105263158
North West,15-29,2021-12-25,2,2224,291,2517,293,0.9931740614334471
North West,30-44,2021-12-25,0,2240,329,2569,329,1
North West,45-59,2021-12-25,0,1643,253,1896,253,1
North West,60-74,2021-12-25,0,628,84,712,84,1
North West,75+,2021-12-25,0,161,14,175,14,1
North West,0-14,2021-12-26,16,1350,165,1531,181,0.9116022099447514
North West,15-29,2021-12-26,10,3648,492,4150,502,0.9800796812749004
North West,30-44,2021-12-26,12,3695,511,4218,523,0.9770554493307839
North West,45-59,2021-12-26,7,2548,316,2871,323,0.978328173374613
North West,60-74,2021-12-26,2,1009,114,1125,116,0.9827586206896551
North West,75+,2021-12-26,0,325,33,358,33,1
North West,0-14,2021-12-27,6,2247,264,2517,270,0.9777777777777777
North West,15-29,2021-12-27,4,6326,767,7097,771,0.9948119325551232
North West,30-44,2021-12-27,8,6327,801,7136,809,0.9901112484548825
North West,45-59,2021-12-27,3,4412,611,5026,614,0.995114006514658
North West,60-74,2021-12-27,2,1854,222,2078,224,0.9910714285714286
North West,75+,2021-12-27,0,643,37,680,37,1
North West,0-14,2021-12-28,4,2504,2,2510,6,0.3333333333333333
North West,15-29,2021-12-28,5,7834,13,7852,18,0.7222222222222222
North West,30-44,2021-12-28,8,7473,12,7493,20,0.6
North West,45-59,2021-12-28,4,5697,5,5706,9,0.5555555555555556
North West,60-74,2021-12-28,1,2525,1,2527,2,0.5
North West,75+,2021-12-28,0,821,1,822,1,1
North West,0-14,2021-12-29,3,2916,0,2919,3,0
North West,15-29,2021-12-29,3,10323,0,10326,3,0
North West,30-44,2021-12-29,5,9336,0,9341,5,0
North West,45-59,2021-12-29,4,7212,0,7216,4,0
North West,60-74,2021-12-29,0,3464,0,3464,0,NA
North West,75+,2021-12-29,0,1084,0,1084,0,NA
North West,0-14,2021-12-30,3,2456,0,2459,3,0
North West,15-29,2021-12-30,3,8802,0,8805,3,0
North West,30-44,2021-12-30,7,8138,0,8145,7,0
North West,45-59,2021-12-30,1,6340,0,6341,1,0
North West,60-74,2021-12-30,1,2894,0,2895,1,0
North West,75+,2021-12-30,0,911,0,911,0,NA
North West,0-14,2021-12-31,1,2177,0,2178,1,0
North West,15-29,2021-12-31,2,6275,0,6277,2,0
North West,30-44,2021-12-31,1,6552,0,6553,1,0
North West,45-59,2021-12-31,0,5173,0,5173,0,NA
North West,60-74,2021-12-31,0,2421,0,2421,0,NA
North West,75+,2021-12-31,0,775,0,775,0,NA
North West,0-14,2022-01-01,0,1493,0,1493,0,NA
North West,15-29,2022-01-01,0,4107,0,4107,0,NA
North West,30-44,2022-01-01,0,4111,0,4111,0,NA
North West,45-59,2022-01-01,0,3375,0,3375,0,NA
North West,60-74,2022-01-01,0,1599,0,1599,0,NA
North West,75+,2022-01-01,0,445,0,445,0,NA
North West,0-14,2022-01-02,0,2581,0,2581,0,NA
North West,15-29,2022-01-02,0,6767,0,6767,0,NA
North West,30-44,2022-01-02,0,6323,0,6323,0,NA
North West,45-59,2022-01-02,0,4895,0,4895,0,NA
North West,60-74,2022-01-02,0,2065,0,2065,0,NA
North West,75+,2022-01-02,0,573,0,573,0,NA
North West,0-14,2022-01-03,0,3357,0,3357,0,NA
North West,15-29,2022-01-03,0,8410,0,8410,0,NA
North West,30-44,2022-01-03,0,7857,0,7857,0,NA
North West,45-59,2022-01-03,0,6038,0,6038,0,NA
North West,60-74,2022-01-03,0,2630,0,2630,0,NA
North West,75+,2022-01-03,0,906,0,906,0,NA
North West,0-14,2022-01-04,0,4344,0,4344,0,NA
North West,15-29,2022-01-04,0,9476,0,9476,0,NA
North West,30-44,2022-01-04,0,8231,0,8231,0,NA
North West,45-59,2022-01-04,0,6876,0,6876,0,NA
North West,60-74,2022-01-04,0,2994,0,2994,0,NA
North West,75+,2022-01-04,0,930,0,930,0,NA
North West,0-14,2022-01-05,0,4553,0,4553,0,NA
North West,15-29,2022-01-05,0,7662,0,7662,0,NA
North West,30-44,2022-01-05,0,6417,0,6417,0,NA
North West,45-59,2022-01-05,0,5214,0,5214,0,NA
North West,60-74,2022-01-05,0,2268,0,2268,0,NA
North West,75+,2022-01-05,0,601,0,601,0,NA
North West,0-14,2022-01-06,0,2875,0,2875,0,NA
North West,15-29,2022-01-06,0,4307,0,4307,0,NA
North West,30-44,2022-01-06,0,3973,0,3973,0,NA
North West,45-59,2022-01-06,0,3334,0,3334,0,NA
North West,60-74,2022-01-06,0,1535,0,1535,0,NA
North West,75+,2022-01-06,0,520,0,520,0,NA
North West,0-14,2022-01-07,0,1722,0,1722,0,NA
North West,15-29,2022-01-07,0,2457,0,2457,0,NA
North West,30-44,2022-01-07,0,2475,0,2475,0,NA
North West,45-59,2022-01-07,0,2181,0,2181,0,NA
North West,60-74,2022-01-07,0,1013,0,1013,0,NA
North West,75+,2022-01-07,0,356,0,356,0,NA
North West,0-14,2022-01-08,0,1334,0,1334,0,NA
North West,15-29,2022-01-08,0,1453,0,1453,0,NA
North West,30-44,2022-01-08,0,1648,0,1648,0,NA
North West,45-59,2022-01-08,0,1408,0,1408,0,NA
North West,60-74,2022-01-08,0,671,0,671,0,NA
North West,75+,2022-01-08,0,180,0,180,0,NA
North West,0-14,2022-01-09,0,885,0,885,0,NA
North West,15-29,2022-01-09,0,718,0,718,0,NA
North West,30-44,2022-01-09,0,860,0,860,0,NA
North West,45-59,2022-01-09,0,748,0,748,0,NA
North West,60-74,2022-01-09,0,342,0,342,0,NA
North West,75+,2022-01-09,0,96,0,96,0,NA
South East,0-14,2021-11-17,509,2088,0,2597,509,0
South East,15-29,2021-11-17,163,705,0,868,163,0
South East,30-44,2021-11-17,292,1307,0,1599,292,0
South East,45-59,2021-11-17,251,1085,0,1336,251,0
South East,60-74,2021-11-17,74,340,0,414,74,0
South East,75+,2021-11-17,14,37,0,51,14,0
South East,0-14,2021-11-18,358,2349,0,2707,358,0
South East,15-29,2021-11-18,111,727,0,838,111,0
South East,30-44,2021-11-18,198,1443,0,1641,198,0
South East,45-59,2021-11-18,184,1181,0,1365,184,0
South East,60-74,2021-11-18,45,363,0,408,45,0
South East,75+,2021-11-18,4,45,0,49,4,0
South East,0-14,2021-11-19,379,1993,0,2372,379,0
South East,15-29,2021-11-19,122,655,0,777,122,0
South East,30-44,2021-11-19,228,1319,0,1547,228,0
South East,45-59,2021-11-19,182,1110,0,1292,182,0
South East,60-74,2021-11-19,63,325,0,388,63,0
South East,75+,2021-11-19,7,47,0,54,7,0
South East,0-14,2021-11-20,461,1906,0,2367,461,0
South East,15-29,2021-11-20,139,550,0,689,139,0
South East,30-44,2021-11-20,287,1033,0,1320,287,0
South East,45-59,2021-11-20,249,873,0,1122,249,0
South East,60-74,2021-11-20,63,257,0,320,63,0
South East,75+,2021-11-20,5,24,0,29,5,0
South East,0-14,2021-11-21,537,2219,0,2756,537,0
South East,15-29,2021-11-21,146,591,0,737,146,0
South East,30-44,2021-11-21,277,1188,0,1465,277,0
South East,45-59,2021-11-21,202,1024,0,1226,202,0
South East,60-74,2021-11-21,44,267,0,311,44,0
South East,75+,2021-11-21,5,22,0,27,5,0
South East,0-14,2021-11-22,723,2874,0,3597,723,0
South East,15-29,2021-11-22,190,836,0,1026,190,0
South East,30-44,2021-11-22,366,1520,0,1886,366,0
South East,45-59,2021-11-22,300,1201,0,1501,300,0
South East,60-74,2021-11-22,92,327,0,419,92,0
South East,75+,2021-11-22,23,42,1,66,24,0.041666666666666664
South East,0-14,2021-11-23,654,2808,0,3462,654,0
South East,15-29,2021-11-23,150,788,0,938,150,0
South East,30-44,2021-11-23,328,1589,0,1917,328,0
South East,45-59,2021-11-23,259,1227,0,1486,259,0
South East,60-74,2021-11-23,55,298,0,353,55,0
South East,75+,2021-11-23,11,45,0,56,11,0
South East,0-14,2021-11-24,649,2469,0,3118,649,0
South East,15-29,2021-11-24,161,784,0,945,161,0
South East,30-44,2021-11-24,379,1522,0,1901,379,0
South East,45-59,2021-11-24,283,1265,0,1548,283,0
South East,60-74,2021-11-24,70,334,0,404,70,0
South East,75+,2021-11-24,9,40,0,49,9,0
South East,0-14,2021-11-25,529,2247,1,2777,530,0.0018867924528301887
South East,15-29,2021-11-25,174,717,1,892,175,0.005714285714285714
South East,30-44,2021-11-25,387,1410,0,1797,387,0
South East,45-59,2021-11-25,314,1171,1,1486,315,0.0031746031746031746
South East,60-74,2021-11-25,63,321,0,384,63,0
South East,75+,2021-11-25,19,41,0,60,19,0
South East,0-14,2021-11-26,576,1861,0,2437,576,0
South East,15-29,2021-11-26,217,619,0,836,217,0
South East,30-44,2021-11-26,413,1227,0,1640,413,0
South East,45-59,2021-11-26,346,981,0,1327,346,0
South East,60-74,2021-11-26,81,228,0,309,81,0
South East,75+,2021-11-26,8,36,0,44,8,0
South East,0-14,2021-11-27,543,1868,0,2411,543,0
South East,15-29,2021-11-27,141,612,0,753,141,0
South East,30-44,2021-11-27,298,1162,0,1460,298,0
South East,45-59,2021-11-27,249,925,0,1174,249,0
South East,60-74,2021-11-27,56,223,0,279,56,0
South East,75+,2021-11-27,7,29,0,36,7,0
South East,0-14,2021-11-28,716,2163,0,2879,716,0
South East,15-29,2021-11-28,184,644,0,828,184,0
South East,30-44,2021-11-28,406,1138,0,1544,406,0
South East,45-59,2021-11-28,305,963,0,1268,305,0
South East,60-74,2021-11-28,57,223,0,280,57,0
South East,75+,2021-11-28,7,19,0,26,7,0
South East,0-14,2021-11-29,1200,2778,1,3979,1201,8.326394671107411e-4
South East,15-29,2021-11-29,340,849,1,1190,341,0.002932551319648094
South East,30-44,2021-11-29,662,1558,3,2223,665,0.004511278195488722
South East,45-59,2021-11-29,517,1247,0,1764,517,0
South East,60-74,2021-11-29,116,257,0,373,116,0
South East,75+,2021-11-29,11,39,0,50,11,0
South East,0-14,2021-11-30,967,2763,2,3732,969,0.0020639834881320948
South East,15-29,2021-11-30,316,953,2,1271,318,0.006289308176100629
South East,30-44,2021-11-30,577,1637,0,2214,577,0
South East,45-59,2021-11-30,417,1318,1,1736,418,0.0023923444976076554
South East,60-74,2021-11-30,84,301,0,385,84,0
South East,75+,2021-11-30,6,39,0,45,6,0
South East,0-14,2021-12-01,1081,2379,2,3462,1083,0.0018467220683287165
South East,15-29,2021-12-01,387,905,5,1297,392,0.012755102040816327
South East,30-44,2021-12-01,780,1607,5,2392,785,0.006369426751592357
South East,45-59,2021-12-01,582,1236,4,1822,586,0.006825938566552901
South East,60-74,2021-12-01,121,275,2,398,123,0.016260162601626018
South East,75+,2021-12-01,20,43,0,63,20,0
South East,0-14,2021-12-02,1136,1828,3,2967,1139,0.0026338893766461808
South East,15-29,2021-12-02,442,768,8,1218,450,0.017777777777777778
South East,30-44,2021-12-02,847,1352,3,2202,850,0.0035294117647058825
South East,45-59,2021-12-02,661,965,1,1627,662,0.0015105740181268882
South East,60-74,2021-12-02,149,213,1,363,150,0.006666666666666667
South East,75+,2021-12-02,13,26,1,40,14,0.07142857142857142
South East,0-14,2021-12-03,909,1772,0,2681,909,0
South East,15-29,2021-12-03,343,776,7,1126,350,0.02
South East,30-44,2021-12-03,679,1270,9,1958,688,0.01308139534883721
South East,45-59,2021-12-03,481,1007,5,1493,486,0.0102880658436214
South East,60-74,2021-12-03,96,255,0,351,96,0
South East,75+,2021-12-03,11,34,0,45,11,0
South East,0-14,2021-12-04,904,1487,1,2392,905,0.0011049723756906078
South East,15-29,2021-12-04,325,611,14,950,339,0.04129793510324484
South East,30-44,2021-12-04,568,1070,6,1644,574,0.010452961672473868
South East,45-59,2021-12-04,443,761,6,1210,449,0.013363028953229399
South East,60-74,2021-12-04,92,164,1,257,93,0.010752688172043012
South East,75+,2021-12-04,13,28,0,41,13,0
South East,0-14,2021-12-05,567,1919,2,2488,569,0.0035149384885764497
South East,15-29,2021-12-05,196,708,17,921,213,0.07981220657276995
South East,30-44,2021-12-05,469,1244,13,1726,482,0.026970954356846474
South East,45-59,2021-12-05,317,906,6,1229,323,0.018575851393188854
South East,60-74,2021-12-05,55,191,2,248,57,0.03508771929824561
South East,75+,2021-12-05,7,29,0,36,7,0
South East,0-14,2021-12-06,766,2601,9,3376,775,0.011612903225806452
South East,15-29,2021-12-06,311,1134,37,1482,348,0.10632183908045977
South East,30-44,2021-12-06,512,1701,24,2237,536,0.04477611940298507
South East,45-59,2021-12-06,391,1296,16,1703,407,0.03931203931203931
South East,60-74,2021-12-06,88,306,1,395,89,0.011235955056179775
South East,75+,2021-12-06,12,41,0,53,12,0
South East,0-14,2021-12-07,820,2117,12,2949,832,0.014423076923076924
South East,15-29,2021-12-07,330,1107,85,1522,415,0.20481927710843373
South East,30-44,2021-12-07,566,1639,56,2261,622,0.09003215434083602
South East,45-59,2021-12-07,412,1191,38,1641,450,0.08444444444444445
South East,60-74,2021-12-07,90,234,7,331,97,0.07216494845360824
South East,75+,2021-12-07,8,43,0,51,8,0
South East,0-14,2021-12-08,807,2024,17,2848,824,0.02063106796116505
South East,15-29,2021-12-08,318,1227,98,1643,416,0.23557692307692307
South East,30-44,2021-12-08,564,1731,72,2367,636,0.11320754716981132
South East,45-59,2021-12-08,407,1215,63,1685,470,0.13404255319148936
South East,60-74,2021-12-08,67,246,15,328,82,0.18292682926829268
South East,75+,2021-12-08,16,46,1,63,17,0.058823529411764705
South East,0-14,2021-12-09,664,1875,13,2552,677,0.019202363367799114
South East,15-29,2021-12-09,336,1184,142,1662,478,0.29707112970711297
South East,30-44,2021-12-09,532,1637,89,2258,621,0.143317230273752
South East,45-59,2021-12-09,450,1179,43,1672,493,0.0872210953346856
South East,60-74,2021-12-09,64,242,13,319,77,0.16883116883116883
South East,75+,2021-12-09,13,45,0,58,13,0
South East,0-14,2021-12-10,565,1798,42,2405,607,0.06919275123558484
South East,15-29,2021-12-10,209,1191,156,1556,365,0.4273972602739726
South East,30-44,2021-12-10,438,1583,140,2161,578,0.2422145328719723
South East,45-59,2021-12-10,283,1052,82,1417,365,0.22465753424657534
South East,60-74,2021-12-10,63,241,26,330,89,0.29213483146067415
South East,75+,2021-12-10,5,48,0,53,5,0
South East,0-14,2021-12-11,338,1912,52,2302,390,0.13333333333333333
South East,15-29,2021-12-11,109,1046,174,1329,283,0.6148409893992933
South East,30-44,2021-12-11,240,1603,174,2017,414,0.42028985507246375
South East,45-59,2021-12-11,157,1013,114,1284,271,0.42066420664206644
South East,60-74,2021-12-11,32,240,27,299,59,0.4576271186440678
South East,75+,2021-12-11,4,36,3,43,7,0.42857142857142855
South East,0-14,2021-12-12,256,1977,55,2288,311,0.17684887459807075
South East,15-29,2021-12-12,78,1374,214,1666,292,0.7328767123287672
South East,30-44,2021-12-12,178,1759,192,2129,370,0.518918918918919
South East,45-59,2021-12-12,125,1145,137,1407,262,0.5229007633587787
South East,60-74,2021-12-12,19,222,21,262,40,0.525
South East,75+,2021-12-12,2,45,4,51,6,0.6666666666666666
South East,0-14,2021-12-13,337,2538,107,2982,444,0.240990990990991
South East,15-29,2021-12-13,130,2467,517,3114,647,0.7990726429675425
South East,30-44,2021-12-13,245,2657,462,3364,707,0.6534653465346535
South East,45-59,2021-12-13,139,1822,262,2223,401,0.6533665835411472
South East,60-74,2021-12-13,33,334,43,410,76,0.5657894736842105
South East,75+,2021-12-13,2,83,3,88,5,0.6
South East,0-14,2021-12-14,215,2500,95,2810,310,0.3064516129032258
South East,15-29,2021-12-14,85,3632,635,4352,720,0.8819444444444444
South East,30-44,2021-12-14,133,3558,529,4220,662,0.7990936555891238
South East,45-59,2021-12-14,78,2039,275,2392,353,0.7790368271954674
South East,60-74,2021-12-14,18,416,48,482,66,0.7272727272727273
South East,75+,2021-12-14,7,83,4,94,11,0.36363636363636365
South East,0-14,2021-12-15,251,2115,140,2506,391,0.35805626598465473
South East,15-29,2021-12-15,95,3757,988,4840,1083,0.9122807017543859
South East,30-44,2021-12-15,234,3507,794,4535,1028,0.7723735408560312
South East,45-59,2021-12-15,120,2070,454,2644,574,0.7909407665505227
South East,60-74,2021-12-15,23,486,96,605,119,0.8067226890756303
South East,75+,2021-12-15,3,90,15,108,18,0.8333333333333334
South East,0-14,2021-12-16,176,1923,104,2203,280,0.37142857142857144
South East,15-29,2021-12-16,85,3730,713,4528,798,0.893483709273183
South East,30-44,2021-12-16,138,3401,517,4056,655,0.7893129770992366
South East,45-59,2021-12-16,82,2165,296,2543,378,0.783068783068783
South East,60-74,2021-12-16,14,580,93,687,107,0.8691588785046729
South East,75+,2021-12-16,1,108,17,126,18,0.9444444444444444
South East,0-14,2021-12-17,93,1927,134,2154,227,0.5903083700440529
South East,15-29,2021-12-17,55,3458,538,4051,593,0.9072512647554806
South East,30-44,2021-12-17,68,3163,406,3637,474,0.8565400843881856
South East,45-59,2021-12-17,44,2106,283,2433,327,0.8654434250764526
South East,60-74,2021-12-17,11,578,71,660,82,0.8658536585365854
South East,75+,2021-12-17,3,119,15,137,18,0.8333333333333334
South East,0-14,2021-12-18,223,1765,330,2318,553,0.596745027124774
South East,15-29,2021-12-18,91,2515,999,3605,1090,0.9165137614678899
South East,30-44,2021-12-18,152,2290,819,3261,971,0.84346035015448
South East,45-59,2021-12-18,80,1456,587,2123,667,0.8800599700149925
South East,60-74,2021-12-18,16,431,174,621,190,0.9157894736842105
South East,75+,2021-12-18,5,104,38,147,43,0.8837209302325582
South East,0-14,2021-12-19,98,1813,304,2215,402,0.7562189054726368
South East,15-29,2021-12-19,45,2578,803,3426,848,0.9469339622641509
South East,30-44,2021-12-19,88,2425,749,3262,837,0.8948626045400239
South East,45-59,2021-12-19,49,1650,512,2211,561,0.9126559714795008
South East,60-74,2021-12-19,10,467,144,621,154,0.935064935064935
South East,75+,2021-12-19,1,115,38,154,39,0.9743589743589743
South East,0-14,2021-12-20,90,2387,414,2891,504,0.8214285714285714
South East,15-29,2021-12-20,49,4159,1081,5289,1130,0.9566371681415929
South East,30-44,2021-12-20,75,3771,865,4711,940,0.9202127659574468
South East,45-59,2021-12-20,40,2475,654,3169,694,0.9423631123919308
South East,60-74,2021-12-20,9,762,182,953,191,0.9528795811518325
South East,75+,2021-12-20,3,244,26,273,29,0.896551724137931
South East,0-14,2021-12-21,82,2462,212,2756,294,0.7210884353741497
South East,15-29,2021-12-21,33,5077,756,5866,789,0.9581749049429658
South East,30-44,2021-12-21,71,4524,693,5288,764,0.9070680628272252
South East,45-59,2021-12-21,37,2955,456,3448,493,0.9249492900608519
South East,60-74,2021-12-21,12,866,133,1011,145,0.9172413793103448
South East,75+,2021-12-21,1,239,18,258,19,0.9473684210526315
South East,0-14,2021-12-22,45,2200,289,2534,334,0.8652694610778443
South East,15-29,2021-12-22,41,5103,954,6098,995,0.9587939698492463
South East,30-44,2021-12-22,39,4767,858,5664,897,0.9565217391304348
South East,45-59,2021-12-22,22,2971,579,3572,601,0.9633943427620633
South East,60-74,2021-12-22,8,913,161,1082,169,0.9526627218934911
South East,75+,2021-12-22,0,261,27,288,27,1
South East,0-14,2021-12-23,40,2276,278,2594,318,0.8742138364779874
South East,15-29,2021-12-23,14,4785,895,5694,909,0.9845984598459846
South East,30-44,2021-12-23,21,4511,758,5290,779,0.9730423620025674
South East,45-59,2021-12-23,13,3167,507,3687,520,0.975
South East,60-74,2021-12-23,2,961,170,1133,172,0.9883720930232558
South East,75+,2021-12-23,1,273,38,312,39,0.9743589743589743
South East,0-14,2021-12-24,7,1892,336,2235,343,0.9795918367346939
South East,15-29,2021-12-24,10,3772,803,4585,813,0.9876998769987699
South East,30-44,2021-12-24,13,3865,826,4704,839,0.9845053635280095
South East,45-59,2021-12-24,5,2709,621,3335,626,0.9920127795527156
South East,60-74,2021-12-24,3,892,219,1114,222,0.9864864864864865
South East,75+,2021-12-24,2,254,87,343,89,0.9775280898876404
South East,0-14,2021-12-25,4,777,217,998,221,0.9819004524886877
South East,15-29,2021-12-25,1,1757,564,2322,565,0.9982300884955753
South East,30-44,2021-12-25,3,1838,596,2437,599,0.994991652754591
South East,45-59,2021-12-25,0,1353,525,1878,525,1
South East,60-74,2021-12-25,0,545,194,739,194,1
South East,75+,2021-12-25,0,136,48,184,48,1
South East,0-14,2021-12-26,11,1176,450,1637,461,0.9761388286334056
South East,15-29,2021-12-26,4,2559,942,3505,946,0.9957716701902748
South East,30-44,2021-12-26,6,2812,1004,3822,1010,0.994059405940594
South East,45-59,2021-12-26,4,1796,718,2518,722,0.9944598337950139
South East,60-74,2021-12-26,3,757,265,1025,268,0.9888059701492538
South East,75+,2021-12-26,0,219,51,270,51,1
South East,0-14,2021-12-27,19,2263,203,2485,222,0.9144144144144144
South East,15-29,2021-12-27,5,5016,472,5493,477,0.989517819706499
South East,30-44,2021-12-27,12,5115,510,5637,522,0.9770114942528736
South East,45-59,2021-12-27,9,3791,363,4163,372,0.9758064516129032
South East,60-74,2021-12-27,2,1424,120,1546,122,0.9836065573770492
South East,75+,2021-12-27,3,410,48,461,51,0.9411764705882353
South East,0-14,2021-12-28,6,2298,59,2363,65,0.9076923076923077
South East,15-29,2021-12-28,2,5829,175,6006,177,0.9887005649717514
South East,30-44,2021-12-28,10,5608,161,5779,171,0.9415204678362573
South East,45-59,2021-12-28,4,4271,107,4382,111,0.963963963963964
South East,60-74,2021-12-28,1,1756,32,1789,33,0.9696969696969697
South East,75+,2021-12-28,1,549,7,557,8,0.875
South East,0-14,2021-12-29,29,3011,0,3040,29,0
South East,15-29,2021-12-29,13,8367,0,8380,13,0
South East,30-44,2021-12-29,25,7423,0,7448,25,0
South East,45-59,2021-12-29,10,5673,0,5683,10,0
South East,60-74,2021-12-29,1,2646,0,2647,1,0
South East,75+,2021-12-29,1,989,0,990,1,0
South East,0-14,2021-12-30,1,2671,0,2672,1,0
South East,15-29,2021-12-30,2,6367,0,6369,2,0
South East,30-44,2021-12-30,2,6228,0,6230,2,0
South East,45-59,2021-12-30,2,4815,0,4817,2,0
South East,60-74,2021-12-30,0,2266,0,2266,0,NA
South East,75+,2021-12-30,0,810,0,810,0,NA
South East,0-14,2021-12-31,1,2197,0,2198,1,0
South East,15-29,2021-12-31,0,4603,0,4603,0,NA
South East,30-44,2021-12-31,2,4733,0,4735,2,0
South East,45-59,2021-12-31,2,3741,0,3743,2,0
South East,60-74,2021-12-31,0,1771,0,1771,0,NA
South East,75+,2021-12-31,0,564,0,564,0,NA
South East,0-14,2022-01-01,0,1567,0,1567,0,NA
South East,15-29,2022-01-01,0,2931,0,2931,0,NA
South East,30-44,2022-01-01,0,3127,0,3127,0,NA
South East,45-59,2022-01-01,0,2361,0,2361,0,NA
South East,60-74,2022-01-01,0,1174,0,1174,0,NA
South East,75+,2022-01-01,0,388,0,388,0,NA
South East,0-14,2022-01-02,1,2332,0,2333,1,0
South East,15-29,2022-01-02,1,4618,0,4619,1,0
South East,30-44,2022-01-02,1,4161,0,4162,1,0
South East,45-59,2022-01-02,0,3212,0,3212,0,NA
South East,60-74,2022-01-02,0,1321,0,1321,0,NA
South East,75+,2022-01-02,0,402,0,402,0,NA
South East,0-14,2022-01-03,0,3051,0,3051,0,NA
South East,15-29,2022-01-03,2,6700,0,6702,2,0
South East,30-44,2022-01-03,0,5644,0,5644,0,NA
South East,45-59,2022-01-03,0,4164,0,4164,0,NA
South East,60-74,2022-01-03,0,1668,0,1668,0,NA
South East,75+,2022-01-03,0,612,0,612,0,NA
South East,0-14,2022-01-04,0,4210,0,4210,0,NA
South East,15-29,2022-01-04,0,9154,0,9154,0,NA
South East,30-44,2022-01-04,0,6678,0,6678,0,NA
South East,45-59,2022-01-04,0,5276,0,5276,0,NA
South East,60-74,2022-01-04,0,2223,0,2223,0,NA
South East,75+,2022-01-04,0,763,0,763,0,NA
South East,0-14,2022-01-05,1,3450,0,3451,1,0
South East,15-29,2022-01-05,0,6412,0,6412,0,NA
South East,30-44,2022-01-05,5,4559,0,4564,5,0
South East,45-59,2022-01-05,2,3567,0,3569,2,0
South East,60-74,2022-01-05,0,1436,0,1436,0,NA
South East,75+,2022-01-05,0,500,0,500,0,NA
South East,0-14,2022-01-06,1,2937,0,2938,1,0
South East,15-29,2022-01-06,1,4800,0,4801,1,0
South East,30-44,2022-01-06,0,3802,0,3802,0,NA
South East,45-59,2022-01-06,0,2822,0,2822,0,NA
South East,60-74,2022-01-06,0,1173,0,1173,0,NA
South East,75+,2022-01-06,0,340,0,340,0,NA
South East,0-14,2022-01-07,0,2003,0,2003,0,NA
South East,15-29,2022-01-07,0,2986,0,2986,0,NA
South East,30-44,2022-01-07,0,2699,0,2699,0,NA
South East,45-59,2022-01-07,0,2052,0,2052,0,NA
South East,60-74,2022-01-07,0,947,0,947,0,NA
South East,75+,2022-01-07,0,319,0,319,0,NA
South East,0-14,2022-01-08,0,1916,0,1916,0,NA
South East,15-29,2022-01-08,0,1913,0,1913,0,NA
South East,30-44,2022-01-08,0,1935,0,1935,0,NA
South East,45-59,2022-01-08,0,1444,0,1444,0,NA
South East,60-74,2022-01-08,0,647,0,647,0,NA
South East,75+,2022-01-08,0,210,0,210,0,NA
South East,0-14,2022-01-09,0,1143,0,1143,0,NA
South East,15-29,2022-01-09,0,823,0,823,0,NA
South East,30-44,2022-01-09,0,963,0,963,0,NA
South East,45-59,2022-01-09,0,721,0,721,0,NA
South East,60-74,2022-01-09,0,355,0,355,0,NA
South East,75+,2022-01-09,0,107,0,107,0,NA
South West,0-14,2021-11-17,309,1277,0,1586,309,0
South West,15-29,2021-11-17,98,505,0,603,98,0
South West,30-44,2021-11-17,167,815,0,982,167,0
South West,45-59,2021-11-17,137,746,0,883,137,0
South West,60-74,2021-11-17,49,290,0,339,49,0
South West,75+,2021-11-17,8,36,0,44,8,0
South West,0-14,2021-11-18,207,1239,0,1446,207,0
South West,15-29,2021-11-18,80,477,0,557,80,0
South West,30-44,2021-11-18,129,822,0,951,129,0
South West,45-59,2021-11-18,128,743,0,871,128,0
South West,60-74,2021-11-18,54,286,0,340,54,0
South West,75+,2021-11-18,9,45,0,54,9,0
South West,0-14,2021-11-19,437,896,0,1333,437,0
South West,15-29,2021-11-19,126,316,0,442,126,0
South West,30-44,2021-11-19,255,568,0,823,255,0
South West,45-59,2021-11-19,229,532,0,761,229,0
South West,60-74,2021-11-19,94,188,0,282,94,0
South West,75+,2021-11-19,16,32,0,48,16,0
South West,0-14,2021-11-20,390,888,0,1278,390,0
South West,15-29,2021-11-20,123,332,0,455,123,0
South West,30-44,2021-11-20,236,514,0,750,236,0
South West,45-59,2021-11-20,255,440,0,695,255,0
South West,60-74,2021-11-20,75,179,0,254,75,0
South West,75+,2021-11-20,6,18,0,24,6,0
South West,0-14,2021-11-21,114,1346,0,1460,114,0
South West,15-29,2021-11-21,39,413,0,452,39,0
South West,30-44,2021-11-21,57,688,0,745,57,0
South West,45-59,2021-11-21,65,685,0,750,65,0
South West,60-74,2021-11-21,24,198,0,222,24,0
South West,75+,2021-11-21,2,29,0,31,2,0
South West,0-14,2021-11-22,114,1761,0,1875,114,0
South West,15-29,2021-11-22,32,526,0,558,32,0
South West,30-44,2021-11-22,70,981,0,1051,70,0
South West,45-59,2021-11-22,69,841,0,910,69,0
South West,60-74,2021-11-22,25,315,0,340,25,0
South West,75+,2021-11-22,9,60,0,69,9,0
South West,0-14,2021-11-23,124,1684,0,1808,124,0
South West,15-29,2021-11-23,36,554,0,590,36,0
South West,30-44,2021-11-23,80,950,0,1030,80,0
South West,45-59,2021-11-23,55,785,0,840,55,0
South West,60-74,2021-11-23,21,245,0,266,21,0
South West,75+,2021-11-23,1,43,0,44,1,0
South West,0-14,2021-11-24,108,1511,0,1619,108,0
South West,15-29,2021-11-24,46,513,0,559,46,0
South West,30-44,2021-11-24,87,930,0,1017,87,0
South West,45-59,2021-11-24,69,771,0,840,69,0
South West,60-74,2021-11-24,14,255,0,269,14,0
South West,75+,2021-11-24,2,41,0,43,2,0
South West,0-14,2021-11-25,93,1344,0,1437,93,0
South West,15-29,2021-11-25,43,501,0,544,43,0
South West,30-44,2021-11-25,73,906,0,979,73,0
South West,45-59,2021-11-25,60,766,0,826,60,0
South West,60-74,2021-11-25,19,231,0,250,19,0
South West,75+,2021-11-25,2,38,0,40,2,0
South West,0-14,2021-11-26,140,1227,0,1367,140,0
South West,15-29,2021-11-26,56,446,0,502,56,0
South West,30-44,2021-11-26,121,812,0,933,121,0
South West,45-59,2021-11-26,92,724,0,816,92,0
South West,60-74,2021-11-26,10,212,0,222,10,0
South West,75+,2021-11-26,8,33,0,41,8,0
South West,0-14,2021-11-27,131,1034,0,1165,131,0
South West,15-29,2021-11-27,46,397,0,443,46,0
South West,30-44,2021-11-27,70,690,0,760,70,0
South West,45-59,2021-11-27,52,579,0,631,52,0
South West,60-74,2021-11-27,24,158,0,182,24,0
South West,75+,2021-11-27,5,29,0,34,5,0
South West,0-14,2021-11-28,384,1141,0,1525,384,0
South West,15-29,2021-11-28,119,365,0,484,119,0
South West,30-44,2021-11-28,272,665,0,937,272,0
South West,45-59,2021-11-28,199,576,0,775,199,0
South West,60-74,2021-11-28,56,150,0,206,56,0
South West,75+,2021-11-28,3,12,0,15,3,0
South West,0-14,2021-11-29,653,1513,0,2166,653,0
South West,15-29,2021-11-29,200,533,0,733,200,0
South West,30-44,2021-11-29,378,829,1,1208,379,0.002638522427440633
South West,45-59,2021-11-29,311,714,0,1025,311,0
South West,60-74,2021-11-29,95,216,0,311,95,0
South West,75+,2021-11-29,14,52,0,66,14,0
South West,0-14,2021-11-30,455,1594,0,2049,455,0
South West,15-29,2021-11-30,167,525,0,692,167,0
South West,30-44,2021-11-30,285,905,1,1191,286,0.0034965034965034965
South West,45-59,2021-11-30,191,793,2,986,193,0.010362694300518135
South West,60-74,2021-11-30,59,184,1,244,60,0.016666666666666666
South West,75+,2021-11-30,13,38,0,51,13,0
South West,0-14,2021-12-01,387,1405,0,1792,387,0
South West,15-29,2021-12-01,149,533,0,682,149,0
South West,30-44,2021-12-01,233,1004,0,1237,233,0
South West,45-59,2021-12-01,180,838,1,1019,181,0.0055248618784530384
South West,60-74,2021-12-01,46,199,1,246,47,0.02127659574468085
South West,75+,2021-12-01,7,47,0,54,7,0
South West,0-14,2021-12-02,571,949,0,1520,571,0
South West,15-29,2021-12-02,201,477,1,679,202,0.0049504950495049506
South West,30-44,2021-12-02,414,769,0,1183,414,0
South West,45-59,2021-12-02,311,595,3,909,314,0.009554140127388535
South West,60-74,2021-12-02,98,175,0,273,98,0
South West,75+,2021-12-02,23,35,0,58,23,0
South West,0-14,2021-12-03,618,735,1,1354,619,0.0016155088852988692
South West,15-29,2021-12-03,242,355,3,600,245,0.012244897959183673
South West,30-44,2021-12-03,465,587,2,1054,467,0.004282655246252677
South West,45-59,2021-12-03,357,429,3,789,360,0.008333333333333333
South West,60-74,2021-12-03,106,146,0,252,106,0
South West,75+,2021-12-03,14,34,0,48,14,0
South West,0-14,2021-12-04,382,840,0,1222,382,0
South West,15-29,2021-12-04,166,377,2,545,168,0.011904761904761904
South West,30-44,2021-12-04,285,611,4,900,289,0.01384083044982699
South West,45-59,2021-12-04,219,493,3,715,222,0.013513513513513514
South West,60-74,2021-12-04,53,131,0,184,53,0
South West,75+,2021-12-04,11,15,0,26,11,0
South West,0-14,2021-12-05,472,828,0,1300,472,0
South West,15-29,2021-12-05,186,356,6,548,192,0.03125
South West,30-44,2021-12-05,319,581,7,907,326,0.02147239263803681
South West,45-59,2021-12-05,298,402,2,702,300,0.006666666666666667
South West,60-74,2021-12-05,55,105,0,160,55,0
South West,75+,2021-12-05,11,14,0,25,11,0
South West,0-14,2021-12-06,408,1413,2,1823,410,0.004878048780487805
South West,15-29,2021-12-06,191,631,3,825,194,0.015463917525773196
South West,30-44,2021-12-06,313,977,5,1295,318,0.015723270440251572
South West,45-59,2021-12-06,231,752,6,989,237,0.02531645569620253
South West,60-74,2021-12-06,70,196,0,266,70,0
South West,75+,2021-12-06,15,36,0,51,15,0
South West,0-14,2021-12-07,536,1008,1,1545,537,0.00186219739292365
South West,15-29,2021-12-07,240,501,25,766,265,0.09433962264150944
South West,30-44,2021-12-07,380,694,16,1090,396,0.04040404040404041
South West,45-59,2021-12-07,316,603,11,930,327,0.03363914373088685
South West,60-74,2021-12-07,73,162,3,238,76,0.039473684210526314
South West,75+,2021-12-07,20,31,0,51,20,0
South West,0-14,2021-12-08,334,1088,1,1423,335,0.0029850746268656717
South West,15-29,2021-12-08,135,597,24,756,159,0.1509433962264151
South West,30-44,2021-12-08,268,963,14,1245,282,0.04964539007092199
South West,45-59,2021-12-08,161,687,10,858,171,0.05847953216374269
South West,60-74,2021-12-08,46,168,0,214,46,0
South West,75+,2021-12-08,9,30,0,39,9,0
South West,0-14,2021-12-09,418,883,2,1303,420,0.004761904761904762
South West,15-29,2021-12-09,167,609,29,805,196,0.14795918367346939
South West,30-44,2021-12-09,335,899,11,1245,346,0.031791907514450865
South West,45-59,2021-12-09,200,606,5,811,205,0.024390243902439025
South West,60-74,2021-12-09,61,158,3,222,64,0.046875
South West,75+,2021-12-09,16,42,0,58,16,0
South West,0-14,2021-12-10,337,804,5,1146,342,0.014619883040935672
South West,15-29,2021-12-10,174,547,34,755,208,0.16346153846153846
South West,30-44,2021-12-10,307,736,21,1064,328,0.06402439024390244
South West,45-59,2021-12-10,210,489,10,709,220,0.045454545454545456
South West,60-74,2021-12-10,63,134,3,200,66,0.045454545454545456
South West,75+,2021-12-10,10,45,2,57,12,0.16666666666666666
South West,0-14,2021-12-11,402,604,8,1014,410,0.01951219512195122
South West,15-29,2021-12-11,189,407,54,650,243,0.2222222222222222
South West,30-44,2021-12-11,332,533,55,920,387,0.1421188630490956
South West,45-59,2021-12-11,239,355,41,635,280,0.14642857142857144
South West,60-74,2021-12-11,53,82,6,141,59,0.1016949152542373
South West,75+,2021-12-11,11,21,1,33,12,0.08333333333333333
South West,0-14,2021-12-12,316,768,14,1098,330,0.04242424242424243
South West,15-29,2021-12-12,125,506,74,705,199,0.37185929648241206
South West,30-44,2021-12-12,230,629,41,900,271,0.15129151291512916
South West,45-59,2021-12-12,153,456,31,640,184,0.16847826086956522
South West,60-74,2021-12-12,41,106,12,159,53,0.22641509433962265
South West,75+,2021-12-12,10,13,0,23,10,0
South West,0-14,2021-12-13,370,1094,18,1482,388,0.04639175257731959
South West,15-29,2021-12-13,140,1025,117,1282,257,0.45525291828793774
South West,30-44,2021-12-13,260,1063,92,1415,352,0.26136363636363635
South West,45-59,2021-12-13,180,705,55,940,235,0.23404255319148937
South West,60-74,2021-12-13,36,162,13,211,49,0.2653061224489796
South West,75+,2021-12-13,11,29,22,62,33,0.6666666666666666
South West,0-14,2021-12-14,285,958,15,1258,300,0.05
South West,15-29,2021-12-14,150,1280,269,1699,419,0.6420047732696897
South West,30-44,2021-12-14,201,1190,199,1590,400,0.4975
South West,45-59,2021-12-14,130,742,91,963,221,0.4117647058823529
South West,60-74,2021-12-14,26,170,22,218,48,0.4583333333333333
South West,75+,2021-12-14,11,32,4,47,15,0.26666666666666666
South West,0-14,2021-12-15,297,826,25,1148,322,0.07763975155279502
South West,15-29,2021-12-15,145,1529,391,2065,536,0.7294776119402985
South West,30-44,2021-12-15,270,1355,229,1854,499,0.4589178356713427
South West,45-59,2021-12-15,168,806,113,1087,281,0.40213523131672596
South West,60-74,2021-12-15,39,191,39,269,78,0.5
South West,75+,2021-12-15,7,32,11,50,18,0.6111111111111112
South West,0-14,2021-12-16,297,632,48,977,345,0.1391304347826087
South West,15-29,2021-12-16,161,1194,392,1747,553,0.7088607594936709
South West,30-44,2021-12-16,295,1106,276,1677,571,0.48336252189141854
South West,45-59,2021-12-16,176,642,146,964,322,0.453416149068323
South West,60-74,2021-12-16,47,172,40,259,87,0.45977011494252873
South West,75+,2021-12-16,15,47,14,76,29,0.4827586206896552
South West,0-14,2021-12-17,247,527,50,824,297,0.16835016835016836
South West,15-29,2021-12-17,124,1230,351,1705,475,0.7389473684210527
South West,30-44,2021-12-17,213,956,213,1382,426,0.5
South West,45-59,2021-12-17,144,591,157,892,301,0.521594684385382
South West,60-74,2021-12-17,29,171,43,243,72,0.5972222222222222
South West,75+,2021-12-17,5,53,13,71,18,0.7222222222222222
South West,0-14,2021-12-18,195,520,75,790,270,0.2777777777777778
South West,15-29,2021-12-18,89,1031,440,1560,529,0.831758034026465
South West,30-44,2021-12-18,175,819,269,1263,444,0.6058558558558559
South West,45-59,2021-12-18,92,518,186,796,278,0.6690647482014388
South West,60-74,2021-12-18,20,126,52,198,72,0.7222222222222222
South West,75+,2021-12-18,8,30,12,50,20,0.6
South West,0-14,2021-12-19,149,628,63,840,212,0.2971698113207547
South West,15-29,2021-12-19,64,1166,318,1548,382,0.8324607329842932
South West,30-44,2021-12-19,106,930,213,1249,319,0.6677115987460815
South West,45-59,2021-12-19,53,600,124,777,177,0.7005649717514124
South West,60-74,2021-12-19,19,178,39,236,58,0.6724137931034483
South West,75+,2021-12-19,4,40,10,54,14,0.7142857142857143
South West,0-14,2021-12-20,240,667,94,1001,334,0.281437125748503
South West,15-29,2021-12-20,101,1802,482,2385,583,0.8267581475128645
South West,30-44,2021-12-20,172,1318,362,1852,534,0.6779026217228464
South West,45-59,2021-12-20,103,837,247,1187,350,0.7057142857142857
South West,60-74,2021-12-20,17,246,75,338,92,0.8152173913043478
South West,75+,2021-12-20,12,62,18,92,30,0.6
South West,0-14,2021-12-21,149,709,97,955,246,0.3943089430894309
South West,15-29,2021-12-21,80,2073,501,2654,581,0.8623063683304647
South West,30-44,2021-12-21,134,1623,382,2139,516,0.7403100775193798
South West,45-59,2021-12-21,64,945,230,1239,294,0.782312925170068
South West,60-74,2021-12-21,21,289,75,385,96,0.78125
South West,75+,2021-12-21,4,80,18,102,22,0.8181818181818182
South West,0-14,2021-12-22,125,732,85,942,210,0.40476190476190477
South West,15-29,2021-12-22,62,2457,495,3014,557,0.8886894075403949
South West,30-44,2021-12-22,99,2017,417,2533,516,0.8081395348837209
South West,45-59,2021-12-22,58,1227,249,1534,307,0.8110749185667753
South West,60-74,2021-12-22,12,363,84,459,96,0.875
South West,75+,2021-12-22,4,95,12,111,16,0.75
South West,0-14,2021-12-23,97,777,107,981,204,0.5245098039215687
South West,15-29,2021-12-23,56,2397,509,2962,565,0.9008849557522124
South West,30-44,2021-12-23,74,1900,417,2391,491,0.8492871690427699
South West,45-59,2021-12-23,56,1269,271,1596,327,0.8287461773700305
South West,60-74,2021-12-23,8,412,94,514,102,0.9215686274509803
South West,75+,2021-12-23,6,125,28,159,34,0.8235294117647058
South West,0-14,2021-12-24,83,701,104,888,187,0.5561497326203209
South West,15-29,2021-12-24,49,1953,465,2467,514,0.9046692607003891
South West,30-44,2021-12-24,103,1721,416,2240,519,0.8015414258188824
South West,45-59,2021-12-24,39,1096,273,1408,312,0.875
South West,60-74,2021-12-24,14,399,123,536,137,0.8978102189781022
South West,75+,2021-12-24,2,127,27,156,29,0.9310344827586207
South West,0-14,2021-12-25,27,258,90,375,117,0.7692307692307693
South West,15-29,2021-12-25,22,883,369,1274,391,0.9437340153452686
South West,30-44,2021-12-25,45,815,304,1164,349,0.8710601719197708
South West,45-59,2021-12-25,14,619,255,888,269,0.9479553903345725
South West,60-74,2021-12-25,5,234,81,320,86,0.9418604651162791
South West,75+,2021-12-25,1,57,23,81,24,0.9583333333333334
South West,0-14,2021-12-26,68,572,198,838,266,0.7443609022556391
South West,15-29,2021-12-26,37,1516,628,2181,665,0.9443609022556391
South West,30-44,2021-12-26,80,1404,563,2047,643,0.8755832037325039
South West,45-59,2021-12-26,31,972,462,1465,493,0.9371196754563894
South West,60-74,2021-12-26,7,355,160,522,167,0.9580838323353293
South West,75+,2021-12-26,1,111,26,138,27,0.9629629629629629
South West,0-14,2021-12-27,65,737,158,960,223,0.7085201793721974
South West,15-29,2021-12-27,35,2336,455,2826,490,0.9285714285714286
South West,30-44,2021-12-27,44,2153,466,2663,510,0.9137254901960784
South West,45-59,2021-12-27,24,1549,354,1927,378,0.9365079365079365
South West,60-74,2021-12-27,6,602,117,725,123,0.9512195121951219
South West,75+,2021-12-27,4,209,45,258,49,0.9183673469387755
South West,0-14,2021-12-28,22,1015,45,1082,67,0.6716417910447762
South West,15-29,2021-12-28,17,3100,186,3303,203,0.916256157635468
South West,30-44,2021-12-28,14,2589,152,2755,166,0.9156626506024096
South West,45-59,2021-12-28,11,2129,124,2264,135,0.9185185185185185
South West,60-74,2021-12-28,6,875,53,934,59,0.8983050847457628
South West,75+,2021-12-28,1,306,9,316,10,0.9
South West,0-14,2021-12-29,43,1146,7,1196,50,0.14
South West,15-29,2021-12-29,25,4119,18,4162,43,0.4186046511627907
South West,30-44,2021-12-29,50,3202,16,3268,66,0.24242424242424243
South West,45-59,2021-12-29,30,2704,15,2749,45,0.3333333333333333
South West,60-74,2021-12-29,12,1319,5,1336,17,0.29411764705882354
South West,75+,2021-12-29,2,461,1,464,3,0.3333333333333333
South West,0-14,2021-12-30,20,1185,0,1205,20,0
South West,15-29,2021-12-30,12,3940,0,3952,12,0
South West,30-44,2021-12-30,21,3192,0,3213,21,0
South West,45-59,2021-12-30,10,2594,0,2604,10,0
South West,60-74,2021-12-30,4,1297,0,1301,4,0
South West,75+,2021-12-30,0,441,0,441,0,NA
South West,0-14,2021-12-31,12,1154,0,1166,12,0
South West,15-29,2021-12-31,10,3077,0,3087,10,0
South West,30-44,2021-12-31,15,2640,0,2655,15,0
South West,45-59,2021-12-31,6,2250,0,2256,6,0
South West,60-74,2021-12-31,2,1169,0,1171,2,0
South West,75+,2021-12-31,2,366,0,368,2,0
South West,0-14,2022-01-01,16,844,0,860,16,0
South West,15-29,2022-01-01,13,1864,0,1877,13,0
South West,30-44,2022-01-01,15,1659,0,1674,15,0
South West,45-59,2022-01-01,6,1381,0,1387,6,0
South West,60-74,2022-01-01,2,700,0,702,2,0
South West,75+,2022-01-01,1,220,0,221,1,0
South West,0-14,2022-01-02,24,1342,0,1366,24,0
South West,15-29,2022-01-02,14,3414,0,3428,14,0
South West,30-44,2022-01-02,20,2680,0,2700,20,0
South West,45-59,2022-01-02,12,1985,0,1997,12,0
South West,60-74,2022-01-02,4,886,0,890,4,0
South West,75+,2022-01-02,1,294,0,295,1,0
South West,0-14,2022-01-03,12,1586,0,1598,12,0
South West,15-29,2022-01-03,23,4436,0,4459,23,0
South West,30-44,2022-01-03,20,3115,0,3135,20,0
South West,45-59,2022-01-03,7,2391,0,2398,7,0
South West,60-74,2022-01-03,2,1030,0,1032,2,0
South West,75+,2022-01-03,0,333,0,333,0,NA
South West,0-14,2022-01-04,28,1933,0,1961,28,0
South West,15-29,2022-01-04,21,5494,0,5515,21,0
South West,30-44,2022-01-04,28,3634,0,3662,28,0
South West,45-59,2022-01-04,8,2867,0,2875,8,0
South West,60-74,2022-01-04,7,1246,0,1253,7,0
South West,75+,2022-01-04,1,433,0,434,1,0
South West,0-14,2022-01-05,4,1693,0,1697,4,0
South West,15-29,2022-01-05,5,3941,0,3946,5,0
South West,30-44,2022-01-05,3,2559,0,2562,3,0
South West,45-59,2022-01-05,2,1914,0,1916,2,0
South West,60-74,2022-01-05,0,856,0,856,0,NA
South West,75+,2022-01-05,0,305,0,305,0,NA
South West,0-14,2022-01-06,5,1585,0,1590,5,0
South West,15-29,2022-01-06,1,3296,0,3297,1,0
South West,30-44,2022-01-06,4,2322,0,2326,4,0
South West,45-59,2022-01-06,1,1732,0,1733,1,0
South West,60-74,2022-01-06,1,774,0,775,1,0
South West,75+,2022-01-06,0,248,0,248,0,NA
South West,0-14,2022-01-07,0,1050,0,1050,0,NA
South West,15-29,2022-01-07,0,1940,0,1940,0,NA
South West,30-44,2022-01-07,0,1465,0,1465,0,NA
South West,45-59,2022-01-07,0,1251,0,1251,0,NA
South West,60-74,2022-01-07,0,539,0,539,0,NA
South West,75+,2022-01-07,0,219,0,219,0,NA
South West,0-14,2022-01-08,0,930,0,930,0,NA
South West,15-29,2022-01-08,0,1266,0,1266,0,NA
South West,30-44,2022-01-08,0,1162,0,1162,0,NA
South West,45-59,2022-01-08,0,950,0,950,0,NA
South West,60-74,2022-01-08,0,393,0,393,0,NA
South West,75+,2022-01-08,0,110,0,110,0,NA
South West,0-14,2022-01-09,0,573,0,573,0,NA
South West,15-29,2022-01-09,0,549,0,549,0,NA
South West,30-44,2022-01-09,0,573,0,573,0,NA
South West,45-59,2022-01-09,0,482,0,482,0,NA
South West,60-74,2022-01-09,0,213,0,213,0,NA
South West,75+,2022-01-09,0,65,0,65,0,NA
East of England,Overall,2021-11-17,717,3762,0,4479,717,0
East of England,Overall,2021-11-18,612,3628,0,4240,612,0
East of England,Overall,2021-11-19,580,3191,0,3771,580,0
East of England,Overall,2021-11-20,948,2680,1,3629,949,0.0010548523206751054
East of England,Overall,2021-11-21,1033,2767,1,3801,1034,9.68054211035818e-4
East of England,Overall,2021-11-22,1292,3813,1,5106,1293,0.00077399380804953565
East of England,Overall,2021-11-23,746,4205,0,4951,746,0
East of England,Overall,2021-11-24,874,3954,0,4828,874,0
East of England,Overall,2021-11-25,950,3426,0,4376,950,0
East of England,Overall,2021-11-26,1002,3024,2,4028,1004,0.001996007984031936
East of England,Overall,2021-11-27,757,2863,1,3621,758,0.001321003963011889
East of England,Overall,2021-11-28,780,3495,2,4277,782,0.002564102564102564
East of England,Overall,2021-11-29,1181,4559,1,5741,1182,8.46740050804403e-4
East of England,Overall,2021-11-30,1150,4820,7,5977,1157,0.00608695652173913
East of England,Overall,2021-12-01,1031,4845,5,5881,1036,0.004849660523763337
East of England,Overall,2021-12-02,1073,4250,15,5338,1088,0.013979496738117428
East of England,Overall,2021-12-03,1224,3605,16,4845,1240,0.013071895424836602
East of England,Overall,2021-12-04,1243,2771,32,4046,1275,0.02574416733708769
East of England,Overall,2021-12-05,1079,3113,59,4251,1138,0.05468025949953661
East of England,Overall,2021-12-06,1179,4839,92,6110,1271,0.07803223070398643
East of England,Overall,2021-12-07,958,4859,146,5963,1104,0.1524008350730689
East of England,Overall,2021-12-08,543,5387,106,6036,649,0.19521178637200737
East of England,Overall,2021-12-09,694,5148,150,5992,844,0.21613832853025935
East of England,Overall,2021-12-10,561,4734,209,5504,770,0.37254901960784315
East of England,Overall,2021-12-11,604,4561,295,5460,899,0.48841059602649006
East of England,Overall,2021-12-12,575,4798,427,5800,1002,0.7426086956521739
East of England,Overall,2021-12-13,600,7745,742,9087,1342,1.2366666666666666
East of England,Overall,2021-12-14,384,9587,945,10916,1329,2.4609375
East of England,Overall,2021-12-15,363,10512,1009,11884,1372,2.7796143250688705
East of England,Overall,2021-12-16,207,10246,691,11144,898,3.3381642512077296
East of England,Overall,2021-12-17,88,9377,542,10007,630,6.159090909090909
East of England,Overall,2021-12-18,165,8350,936,9451,1101,5.672727272727273
East of England,Overall,2021-12-19,126,8795,736,9657,862,5.841269841269841
East of England,Overall,2021-12-20,171,13131,797,14099,968,4.6608187134502925
East of England,Overall,2021-12-21,20,14927,501,15448,521,25.05
East of England,Overall,2021-12-22,25,15661,413,16099,438,16.52
East of England,Overall,2021-12-23,21,15401,508,15930,529,24.19047619047619
East of England,Overall,2021-12-24,17,13053,458,13528,475,26.941176470588236
East of England,Overall,2021-12-25,21,6716,237,6974,258,11.285714285714286
East of England,Overall,2021-12-26,21,10747,221,10989,242,10.523809523809524
East of England,Overall,2021-12-27,18,17258,468,17744,486,26
East of England,Overall,2021-12-28,14,18222,142,18378,156,10.142857142857142
East of England,Overall,2021-12-29,24,23477,1,23502,25,0.041666666666666664
East of England,Overall,2021-12-30,10,19332,0,19342,10,0
East of England,Overall,2021-12-31,0,14971,0,14971,0,NA
East of England,Overall,2022-01-01,0,9233,0,9233,0,NA
East of England,Overall,2022-01-02,0,13979,0,13979,0,NA
East of England,Overall,2022-01-03,0,17897,0,17897,0,NA
East of England,Overall,2022-01-04,0,21301,0,21301,0,NA
East of England,Overall,2022-01-05,0,15393,0,15393,0,NA
East of England,Overall,2022-01-06,0,13155,0,13155,0,NA
East of England,Overall,2022-01-07,0,7874,0,7874,0,NA
East of England,Overall,2022-01-08,0,6069,0,6069,0,NA
East of England,Overall,2022-01-09,0,3108,0,3108,0,NA
London,Overall,2021-11-17,492,3635,1,4128,493,0.0020325203252032522
London,Overall,2021-11-18,514,3635,0,4149,514,0
London,Overall,2021-11-19,467,3158,0,3625,467,0
London,Overall,2021-11-20,627,2762,0,3389,627,0
London,Overall,2021-11-21,812,2723,0,3535,812,0
London,Overall,2021-11-22,1056,3948,2,5006,1058,0.001893939393939394
London,Overall,2021-11-23,725,4124,0,4849,725,0
London,Overall,2021-11-24,857,4094,1,4952,858,0.0011668611435239206
London,Overall,2021-11-25,728,4048,2,4778,730,0.0027472527472527475
London,Overall,2021-11-26,842,3354,4,4200,846,0.004750593824228029
London,Overall,2021-11-27,884,3074,8,3966,892,0.00904977375565611
London,Overall,2021-11-28,873,3139,3,4015,876,0.003436426116838488
London,Overall,2021-11-29,1545,4702,10,6257,1555,0.006472491909385114
London,Overall,2021-11-30,1391,4819,17,6227,1408,0.012221423436376708
London,Overall,2021-12-01,1573,4898,24,6495,1597,0.015257469802924348
London,Overall,2021-12-02,1517,4409,37,5963,1554,0.024390243902439025
London,Overall,2021-12-03,1494,3973,43,5510,1537,0.028781793842034806
London,Overall,2021-12-04,1449,3291,91,4831,1540,0.06280193236714976
London,Overall,2021-12-05,799,4126,123,5048,922,0.1539424280350438
London,Overall,2021-12-06,860,6708,195,7763,1055,0.22674418604651161
London,Overall,2021-12-07,528,7332,339,8199,867,0.6420454545454546
London,Overall,2021-12-08,768,7870,482,9120,1250,0.6276041666666666
London,Overall,2021-12-09,947,7690,734,9371,1681,0.7750791974656811
London,Overall,2021-12-10,1177,6976,1055,9208,2232,0.8963466440101954
London,Overall,2021-12-11,480,7735,809,9024,1289,1.6854166666666666
London,Overall,2021-12-12,342,9755,1166,11263,1508,3.409356725146199
London,Overall,2021-12-13,451,17492,2645,20588,3096,5.864745011086474
London,Overall,2021-12-14,239,23871,2626,26736,2865,10.98744769874477
London,Overall,2021-12-15,219,24513,3335,28067,3554,15.228310502283104
London,Overall,2021-12-16,102,25103,2126,27331,2228,20.84313725490196
London,Overall,2021-12-17,71,22834,1726,24631,1797,24.309859154929576
London,Overall,2021-12-18,146,19985,2607,22738,2753,17.856164383561644
London,Overall,2021-12-19,67,17925,2627,20619,2694,39.208955223880594
London,Overall,2021-12-20,93,26668,2685,29446,2778,28.870967741935484
London,Overall,2021-12-21,19,29763,1227,31009,1246,64.57894736842105
London,Overall,2021-12-22,12,26364,2722,29098,2734,226.83333333333334
London,Overall,2021-12-23,12,26208,1874,28094,1886,156.16666666666666
London,Overall,2021-12-24,10,19017,2488,21515,2498,248.8
London,Overall,2021-12-25,12,8622,1534,10168,1546,127.83333333333333
London,Overall,2021-12-26,17,15000,1822,16839,1839,107.17647058823529
London,Overall,2021-12-27,22,23967,1245,25234,1267,56.59090909090909
London,Overall,2021-12-28,21,24951,240,25212,261,11.428571428571429
London,Overall,2021-12-29,14,32995,1,33010,15,0.07142857142857142
London,Overall,2021-12-30,6,25549,0,25555,6,0
London,Overall,2021-12-31,0,19028,0,19028,0,NA
London,Overall,2022-01-01,0,11558,0,11558,0,NA
London,Overall,2022-01-02,0,19038,0,19038,0,NA
London,Overall,2022-01-03,1,23284,0,23285,1,0
London,Overall,2022-01-04,0,27471,0,27471,0,NA
London,Overall,2022-01-05,0,20974,0,20974,0,NA
London,Overall,2022-01-06,0,18475,0,18475,0,NA
London,Overall,2022-01-07,0,11289,0,11289,0,NA
London,Overall,2022-01-08,0,8143,0,8143,0,NA
London,Overall,2022-01-09,0,3122,0,3122,0,NA
Midlands,Overall,2021-11-17,1876,5081,0,6957,1876,0
Midlands,Overall,2021-11-18,1548,5072,0,6620,1548,0
Midlands,Overall,2021-11-19,1071,4982,0,6053,1071,0
Midlands,Overall,2021-11-20,927,4360,0,5287,927,0
Midlands,Overall,2021-11-21,1975,3626,0,5601,1975,0
Midlands,Overall,2021-11-22,2309,5177,0,7486,2309,0
Midlands,Overall,2021-11-23,1597,5383,0,6980,1597,0
Midlands,Overall,2021-11-24,1914,4931,0,6845,1914,0
Midlands,Overall,2021-11-25,2170,4116,3,6289,2173,0.0013824884792626728
Midlands,Overall,2021-11-26,1965,3669,4,5638,1969,0.002035623409669211
Midlands,Overall,2021-11-27,1090,3467,3,4560,1093,0.0027522935779816515
Midlands,Overall,2021-11-28,985,4690,2,5677,987,0.0020304568527918783
Midlands,Overall,2021-11-29,2295,5623,10,7928,2305,0.004357298474945534
Midlands,Overall,2021-11-30,1950,5948,11,7909,1961,0.0056410256410256415
Midlands,Overall,2021-12-01,1382,6307,11,7700,1393,0.007959479015918957
Midlands,Overall,2021-12-02,1171,6034,12,7217,1183,0.010247651579846286
Midlands,Overall,2021-12-03,1397,5152,14,6563,1411,0.010021474588403722
Midlands,Overall,2021-12-04,713,5076,14,5803,727,0.019635343618513323
Midlands,Overall,2021-12-05,681,5264,25,5970,706,0.03671071953010279
Midlands,Overall,2021-12-06,1373,7081,41,8495,1414,0.02986161689730517
Midlands,Overall,2021-12-07,1466,6178,107,7751,1573,0.07298772169167804
Midlands,Overall,2021-12-08,1100,6769,95,7964,1195,0.08636363636363636
Midlands,Overall,2021-12-09,1107,6357,207,7671,1314,0.18699186991869918
Midlands,Overall,2021-12-10,896,5735,252,6883,1148,0.28125
Midlands,Overall,2021-12-11,765,5288,248,6301,1013,0.3241830065359477
Midlands,Overall,2021-12-12,519,5444,529,6492,1048,1.0192678227360308
Midlands,Overall,2021-12-13,975,8022,1110,10107,2085,1.1384615384615384
Midlands,Overall,2021-12-14,547,8958,1519,11024,2066,2.776965265082267
Midlands,Overall,2021-12-15,452,10320,2431,13203,2883,5.378318584070796
Midlands,Overall,2021-12-16,488,9730,1799,12017,2287,3.6864754098360657
Midlands,Overall,2021-12-17,311,8619,1902,10832,2213,6.115755627009646
Midlands,Overall,2021-12-18,236,7609,1945,9790,2181,8.241525423728813
Midlands,Overall,2021-12-19,148,7727,2324,10199,2472,15.702702702702704
Midlands,Overall,2021-12-20,193,12890,2468,15551,2661,12.787564766839377
Midlands,Overall,2021-12-21,83,16349,1766,18198,1849,21.27710843373494
Midlands,Overall,2021-12-22,53,19245,986,20284,1039,18.60377358490566
Midlands,Overall,2021-12-23,124,18445,2167,20736,2291,17.475806451612904
Midlands,Overall,2021-12-24,29,17180,1074,18283,1103,37.03448275862069
Midlands,Overall,2021-12-25,19,9380,507,9906,526,26.68421052631579
Midlands,Overall,2021-12-26,34,15485,382,15901,416,11.235294117647058
Midlands,Overall,2021-12-27,52,25109,1728,26889,1780,33.23076923076923
Midlands,Overall,2021-12-28,14,29786,177,29977,191,12.642857142857142
Midlands,Overall,2021-12-29,26,38614,0,38640,26,0
Midlands,Overall,2021-12-30,11,33245,0,33256,11,0
Midlands,Overall,2021-12-31,7,25740,0,25747,7,0
Midlands,Overall,2022-01-01,1,17554,0,17555,1,0
Midlands,Overall,2022-01-02,0,25934,0,25934,0,NA
Midlands,Overall,2022-01-03,2,33856,0,33858,2,0
Midlands,Overall,2022-01-04,0,41077,0,41077,0,NA
Midlands,Overall,2022-01-05,0,30949,0,30949,0,NA
Midlands,Overall,2022-01-06,0,24361,0,24361,0,NA
Midlands,Overall,2022-01-07,0,13591,0,13591,0,NA
Midlands,Overall,2022-01-08,0,10296,0,10296,0,NA
Midlands,Overall,2022-01-09,0,5220,0,5220,0,NA
North East and Yorkshire,Overall,2021-11-17,967,4078,0,5045,967,0
North East and Yorkshire,Overall,2021-11-18,824,3919,0,4743,824,0
North East and Yorkshire,Overall,2021-11-19,608,3543,0,4151,608,0
North East and Yorkshire,Overall,2021-11-20,473,3057,0,3530,473,0
North East and Yorkshire,Overall,2021-11-21,530,3134,0,3664,530,0
North East and Yorkshire,Overall,2021-11-22,646,4495,0,5141,646,0
North East and Yorkshire,Overall,2021-11-23,581,4319,0,4900,581,0
North East and Yorkshire,Overall,2021-11-24,1136,3472,0,4608,1136,0
North East and Yorkshire,Overall,2021-11-25,683,3596,0,4279,683,0
North East and Yorkshire,Overall,2021-11-26,980,2814,0,3794,980,0
North East and Yorkshire,Overall,2021-11-27,642,1966,0,2608,642,0
North East and Yorkshire,Overall,2021-11-28,1351,2539,0,3890,1351,0
North East and Yorkshire,Overall,2021-11-29,1421,3947,0,5368,1421,0
North East and Yorkshire,Overall,2021-11-30,1156,4093,2,5251,1158,0.0017301038062283738
North East and Yorkshire,Overall,2021-12-01,1087,3999,0,5086,1087,0
North East and Yorkshire,Overall,2021-12-02,655,3816,2,4473,657,0.0030534351145038168
North East and Yorkshire,Overall,2021-12-03,533,3449,1,3983,534,0.001876172607879925
North East and Yorkshire,Overall,2021-12-04,494,2854,2,3350,496,0.004048582995951417
North East and Yorkshire,Overall,2021-12-05,759,2929,7,3695,766,0.00922266139657444
North East and Yorkshire,Overall,2021-12-06,776,4289,76,5141,852,0.0979381443298969
North East and Yorkshire,Overall,2021-12-07,874,3665,27,4566,901,0.030892448512585814
North East and Yorkshire,Overall,2021-12-08,946,3933,36,4915,982,0.03805496828752643
North East and Yorkshire,Overall,2021-12-09,770,3826,48,4644,818,0.06233766233766234
North East and Yorkshire,Overall,2021-12-10,551,3328,63,3942,614,0.11433756805807622
North East and Yorkshire,Overall,2021-12-11,553,3007,109,3669,662,0.19710669077757687
North East and Yorkshire,Overall,2021-12-12,658,3142,259,4059,917,0.39361702127659576
North East and Yorkshire,Overall,2021-12-13,320,5288,426,6034,746,1.33125
North East and Yorkshire,Overall,2021-12-14,279,5800,628,6707,907,2.25089605734767
North East and Yorkshire,Overall,2021-12-15,278,6541,884,7703,1162,3.179856115107914
North East and Yorkshire,Overall,2021-12-16,287,5816,818,6921,1105,2.8501742160278747
North East and Yorkshire,Overall,2021-12-17,313,5164,812,6289,1125,2.594249201277955
North East and Yorkshire,Overall,2021-12-18,111,4765,1004,5880,1115,9.045045045045045
North East and Yorkshire,Overall,2021-12-19,164,4491,1619,6274,1783,9.871951219512194
North East and Yorkshire,Overall,2021-12-20,84,8634,1247,9965,1331,14.845238095238095
North East and Yorkshire,Overall,2021-12-21,113,10910,962,11985,1075,8.513274336283185
North East and Yorkshire,Overall,2021-12-22,33,13322,898,14253,931,27.21212121212121
North East and Yorkshire,Overall,2021-12-23,63,13581,1238,14882,1301,19.650793650793652
North East and Yorkshire,Overall,2021-12-24,17,12522,1055,13594,1072,62.05882352941177
North East and Yorkshire,Overall,2021-12-25,22,5079,2089,7190,2111,94.95454545454545
North East and Yorkshire,Overall,2021-12-26,17,11068,1690,12775,1707,99.41176470588235
North East and Yorkshire,Overall,2021-12-27,65,18109,1462,19636,1527,22.49230769230769
North East and Yorkshire,Overall,2021-12-28,31,23878,362,24271,393,11.67741935483871
North East and Yorkshire,Overall,2021-12-29,36,33006,0,33042,36,0
North East and Yorkshire,Overall,2021-12-30,13,29894,0,29907,13,0
North East and Yorkshire,Overall,2021-12-31,5,25260,0,25265,5,0
North East and Yorkshire,Overall,2022-01-01,0,16595,0,16595,0,NA
North East and Yorkshire,Overall,2022-01-02,0,25144,0,25144,0,NA
North East and Yorkshire,Overall,2022-01-03,0,35315,0,35315,0,NA
North East and Yorkshire,Overall,2022-01-04,0,41381,0,41381,0,NA
North East and Yorkshire,Overall,2022-01-05,0,33925,0,33925,0,NA
North East and Yorkshire,Overall,2022-01-06,0,20266,0,20266,0,NA
North East and Yorkshire,Overall,2022-01-07,0,12399,0,12399,0,NA
North East and Yorkshire,Overall,2022-01-08,0,8416,0,8416,0,NA
North East and Yorkshire,Overall,2022-01-09,0,5385,0,5385,0,NA
North West,Overall,2021-11-17,1421,2733,0,4154,1421,0
North West,Overall,2021-11-18,1273,2800,0,4073,1273,0
North West,Overall,2021-11-19,750,2738,0,3488,750,0
North West,Overall,2021-11-20,328,2737,0,3065,328,0
North West,Overall,2021-11-21,870,2346,0,3216,870,0
North West,Overall,2021-11-22,1321,3011,0,4332,1321,0
North West,Overall,2021-11-23,859,3346,0,4205,859,0
North West,Overall,2021-11-24,846,3069,0,3915,846,0
North West,Overall,2021-11-25,1586,2169,0,3755,1586,0
North West,Overall,2021-11-26,1564,1784,0,3348,1564,0
North West,Overall,2021-11-27,987,1699,2,2688,989,0.002026342451874367
North West,Overall,2021-11-28,753,2569,1,3323,754,0.0013280212483399733
North West,Overall,2021-11-29,1557,2980,0,4537,1557,0
North West,Overall,2021-11-30,1528,3202,7,4737,1535,0.004581151832460733
North West,Overall,2021-12-01,1182,3528,6,4716,1188,0.005076142131979695
North West,Overall,2021-12-02,920,3332,9,4261,929,0.009782608695652175
North West,Overall,2021-12-03,1297,2553,15,3865,1312,0.01156515034695451
North West,Overall,2021-12-04,176,2777,5,2958,181,0.028409090909090908
North West,Overall,2021-12-05,393,3091,8,3492,401,0.020356234096692113
North West,Overall,2021-12-06,1199,4219,72,5490,1271,0.060050041701417846
North West,Overall,2021-12-07,784,3916,84,4784,868,0.10714285714285714
North West,Overall,2021-12-08,646,4343,111,5100,757,0.17182662538699692
North West,Overall,2021-12-09,314,4411,61,4786,375,0.1942675159235669
North West,Overall,2021-12-10,387,3708,130,4225,517,0.3359173126614987
North West,Overall,2021-12-11,307,3495,122,3924,429,0.3973941368078176
North West,Overall,2021-12-12,256,3746,184,4186,440,0.71875
North West,Overall,2021-12-13,491,5730,720,6941,1211,1.4663951120162932
North West,Overall,2021-12-14,227,7285,619,8131,846,2.7268722466960353
North West,Overall,2021-12-15,228,8059,1216,9503,1444,5.333333333333333
North West,Overall,2021-12-16,116,8172,944,9232,1060,8.137931034482758
North West,Overall,2021-12-17,116,7109,1027,8252,1143,8.85344827586207
North West,Overall,2021-12-18,196,5683,1935,7814,2131,9.872448979591837
North West,Overall,2021-12-19,62,6785,1549,8396,1611,24.983870967741936
North West,Overall,2021-12-20,23,12285,1703,14011,1726,74.04347826086956
North West,Overall,2021-12-21,71,14963,1518,16552,1589,21.380281690140844
North West,Overall,2021-12-22,61,18501,1032,19594,1093,16.918032786885245
North West,Overall,2021-12-23,37,16596,2485,19118,2522,67.16216216216216
North West,Overall,2021-12-24,26,15411,1779,17216,1805,68.42307692307692
North West,Overall,2021-12-25,5,7667,1082,8754,1087,216.4
North West,Overall,2021-12-26,47,12575,1631,14253,1678,34.702127659574465
North West,Overall,2021-12-27,23,21809,2702,24534,2725,117.47826086956522
North West,Overall,2021-12-28,22,26854,34,26910,56,1.5454545454545454
North West,Overall,2021-12-29,15,34336,0,34351,15,0
North West,Overall,2021-12-30,15,29542,0,29557,15,0
North West,Overall,2021-12-31,4,23375,0,23379,4,0
North West,Overall,2022-01-01,0,15130,0,15130,0,NA
North West,Overall,2022-01-02,0,23204,0,23204,0,NA
North West,Overall,2022-01-03,0,29199,0,29199,0,NA
North West,Overall,2022-01-04,0,32854,0,32854,0,NA
North West,Overall,2022-01-05,0,26715,0,26715,0,NA
North West,Overall,2022-01-06,0,16544,0,16544,0,NA
North West,Overall,2022-01-07,0,10204,0,10204,0,NA
North West,Overall,2022-01-08,0,6694,0,6694,0,NA
North West,Overall,2022-01-09,0,3649,0,3649,0,NA
South East,Overall,2021-11-17,1303,5562,0,6865,1303,0
South East,Overall,2021-11-18,900,6109,0,7009,900,0
South East,Overall,2021-11-19,981,5449,0,6430,981,0
South East,Overall,2021-11-20,1204,4643,0,5847,1204,0
South East,Overall,2021-11-21,1211,5311,0,6522,1211,0
South East,Overall,2021-11-22,1694,6800,1,8495,1695,5.903187721369539e-4
South East,Overall,2021-11-23,1457,6755,0,8212,1457,0
South East,Overall,2021-11-24,1552,6414,0,7966,1552,0
South East,Overall,2021-11-25,1486,5907,3,7396,1489,0.002018842530282638
South East,Overall,2021-11-26,1641,4952,0,6593,1641,0
South East,Overall,2021-11-27,1294,4819,0,6113,1294,0
South East,Overall,2021-11-28,1675,5151,0,6826,1675,0
South East,Overall,2021-11-29,2846,6728,5,9579,2851,0.0017568517217146872
South East,Overall,2021-11-30,2367,7011,5,9383,2372,0.0021123785382340513
South East,Overall,2021-12-01,2971,6445,18,9434,2989,0.006058566139347021
South East,Overall,2021-12-02,3248,5152,17,8417,3265,0.005233990147783251
South East,Overall,2021-12-03,2519,5114,21,7654,2540,0.00833664152441445
South East,Overall,2021-12-04,2345,4121,28,6494,2373,0.011940298507462687
South East,Overall,2021-12-05,1611,4997,40,6648,1651,0.024829298572315334
South East,Overall,2021-12-06,2080,7079,87,9246,2167,0.041826923076923074
South East,Overall,2021-12-07,2226,6331,198,8755,2424,0.0889487870619946
South East,Overall,2021-12-08,2179,6489,266,8934,2445,0.12207434603028912
South East,Overall,2021-12-09,2059,6162,300,8521,2359,0.14570179698882954
South East,Overall,2021-12-10,1563,5913,446,7922,2009,0.2853486884197057
South East,Overall,2021-12-11,880,5850,544,7274,1424,0.6181818181818182
South East,Overall,2021-12-12,658,6522,623,7803,1281,0.9468085106382979
South East,Overall,2021-12-13,886,9902,1394,12182,2280,1.5733634311512414
South East,Overall,2021-12-14,536,12228,1586,14350,2122,2.958955223880597
South East,Overall,2021-12-15,726,12027,2487,15240,3213,3.425619834710744
South East,Overall,2021-12-16,496,11907,1740,14143,2236,3.5080645161290325
South East,Overall,2021-12-17,274,11351,1447,13072,1721,5.281021897810219
South East,Overall,2021-12-18,567,8562,2947,12076,3514,5.197530864197531
South East,Overall,2021-12-19,291,9048,2550,11889,2841,8.762886597938145
South East,Overall,2021-12-20,266,13798,3222,17286,3488,12.112781954887218
South East,Overall,2021-12-21,236,16123,2268,18627,2504,9.610169491525424
South East,Overall,2021-12-22,155,16215,2868,19238,3023,18.503225806451614
South East,Overall,2021-12-23,91,15973,2646,18710,2737,29.076923076923077
South East,Overall,2021-12-24,40,13384,2892,16316,2932,72.3
South East,Overall,2021-12-25,8,6406,2144,8558,2152,268
South East,Overall,2021-12-26,28,9319,3430,12777,3458,122.5
South East,Overall,2021-12-27,50,18019,1716,19785,1766,34.32
South East,Overall,2021-12-28,24,20312,541,20877,565,22.541666666666668
South East,Overall,2021-12-29,79,28110,0,28189,79,0
South East,Overall,2021-12-30,7,23158,0,23165,7,0
South East,Overall,2021-12-31,5,17609,0,17614,5,0
South East,Overall,2022-01-01,0,11548,0,11548,0,NA
South East,Overall,2022-01-02,3,16046,0,16049,3,0
South East,Overall,2022-01-03,2,21839,0,21841,2,0
South East,Overall,2022-01-04,0,28304,0,28304,0,NA
South East,Overall,2022-01-05,8,19924,0,19932,8,0
South East,Overall,2022-01-06,2,15877,0,15879,2,0
South East,Overall,2022-01-07,0,11006,0,11006,0,NA
South East,Overall,2022-01-08,0,8065,0,8065,0,NA
South East,Overall,2022-01-09,0,4112,0,4112,0,NA
South West,Overall,2021-11-17,768,3669,0,4437,768,0
South West,Overall,2021-11-18,607,3613,0,4220,607,0
South West,Overall,2021-11-19,1157,2533,0,3690,1157,0
South West,Overall,2021-11-20,1085,2371,0,3456,1085,0
South West,Overall,2021-11-21,301,3359,0,3660,301,0
South West,Overall,2021-11-22,319,4484,0,4803,319,0
South West,Overall,2021-11-23,317,4261,0,4578,317,0
South West,Overall,2021-11-24,326,4022,0,4348,326,0
South West,Overall,2021-11-25,290,3787,0,4077,290,0
South West,Overall,2021-11-26,427,3454,0,3881,427,0
South West,Overall,2021-11-27,328,2887,0,3215,328,0
South West,Overall,2021-11-28,1033,2909,0,3942,1033,0
South West,Overall,2021-11-29,1651,3857,1,5509,1652,6.056935190793458e-4
South West,Overall,2021-11-30,1170,4040,4,5214,1174,0.003418803418803419
South West,Overall,2021-12-01,1002,4026,2,5030,1004,0.001996007984031936
South West,Overall,2021-12-02,1618,3000,4,4622,1622,0.002472187886279357
South West,Overall,2021-12-03,1802,2286,9,4097,1811,0.004994450610432853
South West,Overall,2021-12-04,1116,2467,9,3592,1125,0.008064516129032258
South West,Overall,2021-12-05,1341,2286,15,3642,1356,0.011185682326621925
South West,Overall,2021-12-06,1228,4006,16,5250,1244,0.013029315960912053
South West,Overall,2021-12-07,1565,2999,56,4620,1621,0.03578274760383387
South West,Overall,2021-12-08,953,3533,49,4535,1002,0.05141657922350472
South West,Overall,2021-12-09,1197,3197,50,4444,1247,0.04177109440267335
South West,Overall,2021-12-10,1101,2756,75,3932,1176,0.0681198910081744
South West,Overall,2021-12-11,1226,2002,165,3393,1391,0.13458401305057097
South West,Overall,2021-12-12,875,2478,172,3525,1047,0.19657142857142856
South West,Overall,2021-12-13,998,4078,317,5393,1315,0.31763527054108215
South West,Overall,2021-12-14,803,4372,600,5775,1403,0.7471980074719801
South West,Overall,2021-12-15,926,4740,808,6474,1734,0.8725701943844493
South West,Overall,2021-12-16,991,3793,916,5700,1907,0.9243188698284561
South West,Overall,2021-12-17,762,3528,827,5117,1589,1.0853018372703411
South West,Overall,2021-12-18,579,3044,1034,4657,1613,1.7858376511226253
South West,Overall,2021-12-19,395,3542,767,4704,1162,1.941772151898734
South West,Overall,2021-12-20,645,4932,1278,6855,1923,1.9813953488372094
South West,Overall,2021-12-21,452,5719,1303,7474,1755,2.8827433628318584
South West,Overall,2021-12-22,360,6891,1342,8593,1702,3.727777777777778
South West,Overall,2021-12-23,297,6880,1426,8603,1723,4.801346801346801
South West,Overall,2021-12-24,290,5997,1408,7695,1698,4.855172413793103
South West,Overall,2021-12-25,114,2867,1122,4103,1236,9.842105263157896
South West,Overall,2021-12-26,224,4930,2037,7191,2261,9.09375
South West,Overall,2021-12-27,178,7586,1595,9359,1773,8.960674157303371
South West,Overall,2021-12-28,71,10014,569,10654,640,8.014084507042254
South West,Overall,2021-12-29,162,12951,62,13175,224,0.38271604938271603
South West,Overall,2021-12-30,67,12649,0,12716,67,0
South West,Overall,2021-12-31,47,10656,0,10703,47,0
South West,Overall,2022-01-01,53,6668,0,6721,53,0
South West,Overall,2022-01-02,75,10601,0,10676,75,0
South West,Overall,2022-01-03,64,12891,0,12955,64,0
South West,Overall,2022-01-04,93,15607,0,15700,93,0
South West,Overall,2022-01-05,14,11268,0,11282,14,0
South West,Overall,2022-01-06,12,9957,0,9969,12,0
South West,Overall,2022-01-07,0,6464,0,6464,0,NA
South West,Overall,2022-01-08,0,4811,0,4811,0,NA
South West,Overall,2022-01-09,0,2456,0,2456,0,NA
